-5.480672101887407166e-02
-6.215954778868160169e-02
-6.868710677834788392e-02
-7.357083827785881880e-02
-7.624587264531967890e-02
-7.645192403621381416e-02
-7.422489590024061723e-02
-6.984715955922482511e-02
-6.377997222757614271e-02
-5.659680602866645760e-02
-4.892727587328671301e-02
-4.141289531980896221e-02
-3.467041326130071432e-02
-2.925633179690079189e-02
-2.562702378769432521e-02
-2.409239191175638339e-02
-2.476694935292511612e-02
-2.752940737617282085e-02
-3.200742947244428205e-02
-3.760379937482738466e-02
-4.357060347845442827e-02
-4.912092222954245191e-02
-5.355115842764490708e-02
-5.634156255526767687e-02
-5.721168499595030710e-02
-5.612562846080138002e-02
-5.325847584441989468e-02
-4.894280297981778993e-02
-4.361239670896965848e-02
-3.775343754047755240e-02
-3.186607327723689487e-02
-2.643409947550301453e-02
-2.189800318608270402e-02
-1.862663681528875514e-02
-1.688491746132392279e-02
-1.679893015651967580e-02
-1.832500329684849660e-02
-2.123398184974978342e-02
-2.512307994553819590e-02
-2.946251440738567595e-02
-3.367266308623717563e-02
-3.721459099317869779e-02
-3.967001853588669746e-02
-4.079083871225130942e-02
-4.051074439126445270e-02
-3.892488745754763002e-02
-3.625112431068777674e-02
-3.278664103931183682e-02
-2.886919934580456371e-02
-2.484658042348208973e-02
-2.105345212197184956e-02
-1.779261634696216454e-02
-1.531723129313822263e-02
-1.381176120240912297e-02
-1.337177728197302962e-02
-1.398590099049856761e-02
-1.552619543404576419e-02
-1.775448584248606743e-02
-2.034960984653721994e-02
-2.295407271210581079e-02
-2.523045809990631660e-02
-2.691282893069191218e-02
-2.783978868642345006e-02
-2.796323006243328635e-02
-2.733563267856564671e-02
-2.608443275731175959e-02
-2.438277472166516802e-02
-2.242324640125414881e-02
-2.039747109253142732e-02
-1.848147943020461703e-02
-1.682524604407209523e-02
-1.554451741103690665e-02
-1.471370509842362395e-02
-1.435982146782976976e-02
-1.445883854128693358e-02
-1.493694381127230741e-02
-1.567923564937956371e-02
-1.654682957402675569e-02
-1.740026040084052816e-02
-1.812380184057493793e-02
-1.864393912562323230e-02
-1.893697342669753425e-02
-1.902481363294517003e-02
-1.896205744267298599e-02
-1.881941478582005445e-02
-1.866800232444565388e-02
-1.856711635067620492e-02
-1.855614430812391191e-02
-1.865010400373123822e-02
-1.883802203322959556e-02
-1.908371416500798112e-02
-1.932914692034937154e-02
-1.950108288867324902e-02
-1.952177867670101818e-02
-1.932377206867452735e-02
-1.886713733445510854e-02
-1.815543142291708989e-02
-1.724505956765542969e-02
-1.624339521383300067e-02
-1.529425354282465399e-02
-1.455396329938518640e-02
-1.416472031390281217e-02
-1.423217688059641439e-02
-1.481152089305437514e-02
-1.590258845238223806e-02
-1.745185792834114125e-02
-1.935833501501282861e-02
-2.148102902199688913e-02
-2.364714565103454014e-02
-2.566159196304429457e-02
-2.731946194575729514e-02
-2.842351064238912706e-02
-2.880786149120351247e-02
-2.836699528863118047e-02
-2.708554614735958488e-02
-2.506069050431380951e-02
-2.250722994223686158e-02
-1.973823612891334456e-02
-1.712171614420832100e-02
-1.502301059277955098e-02
-1.374829035979963088e-02
-1.350315348827568762e-02
-1.437316620733763983e-02
-1.632485173544417911e-02
-1.922032796367045826e-02
-2.283786277434973755e-02
-2.689283917928220191e-02
-3.105700314193216016e-02
-3.497692294529564094e-02
-3.829460128068618019e-02
-4.067381969574679346e-02
-4.183472443353153380e-02
-4.159601324982276083e-02
-3.991893887769770721e-02
-3.694158277875447816e-02
-3.298858494771295113e-02
-2.854447539638038656e-02
-2.418929654057766498e-02
-2.050954143639760474e-02
-1.800769506343780080e-02
-1.703349901568951275e-02
-1.774987696090413181e-02
-2.013289972957466034e-02
-2.399551242307507160e-02
-2.902209488667151227e-02
-3.480387174936705463e-02
-4.087047988865499804e-02
-4.671799711666868582e-02
-5.183714395762262228e-02
-5.574676638792075423e-02
-5.803682486293926246e-02
-5.842157145860560341e-02
-5.679732649208069084e-02
-5.329154888969456216e-02
-4.828423059805020401e-02
-4.238400752426541018e-02
-3.635286374531476739e-02
-3.099192216596269311e-02
-2.701706279856219695e-02
-2.495703691798856205e-02
-2.509601543132511381e-02
-2.746429353392421113e-02
-3.186562115226054814e-02
-3.792344853512097380e-02
-4.513076077919397910e-02
-5.289494243021497510e-02
-6.057620630556259655e-02
-6.752331386886134545e-02
-7.311289257086461824e-02
-7.679840837382378993e-02
-7.817144850649770937e-02
-7.703118149371412926e-02
-7.344863653399591463e-02
-6.780418607105209716e-02
-6.077509727725471933e-02
-5.326028398877635794e-02
-4.625046527692577847e-02
-4.067422209991233828e-02
-3.726075586366062176e-02
-3.645193687681902439e-02
-3.837512358001449186e-02
-4.286703647615741630e-02
-4.952760853649262884e-02
-5.778292490932201986e-02
-6.694373520466090355e-02
-7.625508311911999293e-02
-8.493984217466943321e-02
-9.224307945621124105e-02
-9.748494848654809530e-02
-1.001270159220468692e-01
-9.985023256708913664e-02
-9.663269302237487146e-02
-9.080480754750097638e-02
-8.305450424028748557e-02
-7.436228112775444821e-02
-6.586707479203091076e-02
-5.869096983723842698e-02
-5.376861777878216841e-02
-5.172453337126681205e-02
-5.282018742150396129e-02
-5.696647049632797000e-02
-6.377945334062884442e-02
-7.265361652122881431e-02
-8.283341417536504991e-02
-9.347458224040483543e-02
-1.036959696068817660e-01
-1.126286498596973384e-01
-1.194712072457304597e-01
-1.235582811199564812e-01
-1.244433891887941623e-01
-1.219868744702645724e-01
-1.164277367619870329e-01
-1.084096897566166895e-01
-9.893471669461528784e-02
-8.923620351886096813e-02
-8.059328494594564241e-02
-7.413314197401987826e-02
-7.067307889274676569e-02
-7.063606305682257336e-02
-7.404388318879573383e-02
-8.056794230595909490e-02
-8.960845763178459933e-02
-1.003772892993193278e-01
-1.119707823349358478e-01
-1.234303109838574830e-01
-1.337962052239682897e-01
-1.421644919457620837e-01
-1.477553532361897126e-01
-1.499971911196607000e-01
-1.486205786715155686e-01
-1.437436070177711134e-01
-1.359189315062181436e-01
-1.261110638200724221e-01
-1.155869623017391490e-01
-1.057322570863494793e-01
-9.783616991246302241e-02
-9.290209323373210815e-02
-9.152884791205351256e-02
-9.387781355524316140e-02
-9.971140349868123920e-02
-1.084726384294465440e-01
-1.193761535660531337e-01
-1.314915468449695535e-01
-1.438127190234173014e-01
-1.553168466970622497e-01
-1.650221685443875597e-01
-1.720547222168189450e-01
-1.757305006130083225e-01
-1.756509929040639406e-01
-1.717975003524274680e-01
-1.645966039289792349e-01
-1.549230514559796212e-01
-1.440153573936675535e-01
-1.333057302085605134e-01
-1.241996397358391402e-01
-1.178625860418502924e-01
-1.150681709417566978e-01
-1.161347627804953930e-01
-1.209447569330834860e-01
-1.290181316602190265e-01
-1.396073217266868838e-01
-1.517889924119164569e-01
-1.645416626712137287e-01
-1.768098764100556330e-01
-1.875629966941461113e-01
-1.958592657578805962e-01
-2.009236234255529219e-01
-2.022407494632338931e-01
-1.996531700775294738e-01
-1.934405592204369029e-01
-1.843468222446076332e-01
-1.735248188770577293e-01
-1.623898361117204203e-01
-1.524065004653296640e-01
-1.448625371451295329e-01
-1.406887789635602459e-01
-1.403641303333591495e-01
-1.439101999482494953e-01
-1.509523666947121256e-01
-1.608132730175904079e-01
-1.726098591238178770e-01
-1.853379572930857755e-01
-1.979414796089984385e-01
-2.093723384160028900e-01
-2.186514495566838079e-01
-2.249406057039937679e-01
-2.276296560994039986e-01
-2.264333057808709526e-01
-2.214784878371012233e-01
-2.133515420249532113e-01
-2.030725024306234694e-01
-1.919787877938117227e-01
-1.815311247509998616e-01
-1.730868414249187026e-01
-1.677005551651289394e-01
-1.659999370939302388e-01
-1.681527604645571827e-01
-1.739098006897643600e-01
-1.826912782633693944e-01
-1.936850451884630786e-01
-2.059359352143408373e-01
-2.184192296286746604e-01
-2.301017319774611991e-01
-2.399997211988136314e-01
-2.472440536747666506e-01
-2.511590596903090500e-01
-2.513535825848234317e-01
-2.478103439366718952e-01
-2.409472593759565129e-01
-2.316183693913953512e-01
-2.210305960694824989e-01
-2.105778018670623197e-01
-2.016262377096955660e-01
-1.953072673920863700e-01
-1.923701786369358402e-01
-1.931218870052653358e-01
-1.974477143104613752e-01
-2.048853849568876839e-01
-2.147196512178872752e-01
-2.260733143689130920e-01
-2.379835205312819113e-01
-2.494636911334890961e-01
-2.595585813356948712e-01
-2.674024119242446318e-01
-2.722880492654344842e-01
-2.737488462929427158e-01
-2.716443574777849257e-01
-2.662289484728908029e-01
-2.581738263658928112e-01
-2.485158398238263011e-01
-2.385251829254420031e-01
-2.295140072845480717e-01
-2.226336998247813170e-01
-2.187141521622915086e-01
-2.181798958176273118e-01
-2.210473445533600589e-01
-2.269820304059422256e-01
-2.353848709953920704e-01
-2.454811036244897160e-01
-2.563972067031738966e-01
-2.672228712761737235e-01
-2.770632204575629309e-01
-2.850901716703879707e-01
-2.906013511638216862e-01
-2.930904760016228572e-01
-2.923247669416872974e-01
-2.884140568279458527e-01
-2.818467587283324249e-01
-2.734663197264675105e-01
-2.643739814888190764e-01
-2.557685342741700119e-01
-2.487601403802219835e-01
-2.442075190806081153e-01
-2.426176478011465854e-01
-2.441211516566177409e-01
-2.485103530762700075e-01
-2.553129647958063408e-01
-2.638748727638584590e-01
-2.734348097249150733e-01
-2.831849285228060786e-01
-2.923199171164791998e-01
-3.000819303564106200e-01
-3.058093644011106171e-01
-3.089946703524470983e-01
-3.093501275324150868e-01
-3.068714741972788929e-01
-3.018801149703431719e-01
-2.950203933270167944e-01
-2.871948691017811583e-01
-2.794392365762510266e-01
-2.727625344945971975e-01
-2.679942403317481237e-01
-2.656773034888093576e-01
-2.660266123427623697e-01
-2.689479813445805334e-01
-2.740963606499002836e-01
-2.809486142535400077e-01
-2.888726399660201949e-01
-2.971844818178137615e-01
-3.051935938493954836e-01
-3.122415663036059996e-01
-3.177412888520914080e-01
-3.212220637206497642e-01
-3.223818074151729718e-01
-3.211405741877504383e-01
-3.176817546973742523e-01
-3.124620335450689623e-01
-3.061733928029219953e-01
-2.996529671850378662e-01
-2.937560365661173734e-01
-2.892239013996267261e-01
-2.865814347875472734e-01
-2.860864565943366244e-01
-2.877327078228963941e-01
-2.912916549610011785e-01
-2.963722373819921430e-01
-3.024810769732821925e-01
-3.090735732621530119e-01
-3.155940175871840836e-01
-3.215080154426175341e-01
-3.263326856808301812e-01
-3.296696463600534699e-01
-3.312430110208319789e-01
-3.309397803049618503e-01
-3.288440019245664203e-01
-3.252511497175980537e-01
-3.206489012570479247e-01
-3.156578038390200902e-01
-3.109392555755707832e-01
-3.070923839221251228e-01
-3.045671983935571703e-01
-3.036147468361560797e-01
-3.042800234450693253e-01
-3.064289380376727934e-01
-3.097934716532746435e-01
-3.140200660249892195e-01
-3.187119141995209404e-01
-3.234621156206207715e-01
-3.278792389022067155e-01
-3.316090640353985819e-01
-3.343564038482682577e-01
-3.359093059159823369e-01
-3.361648973222441938e-01
-3.351521714548555408e-01
-3.330434100448087520e-01
-3.301448892358838094e-01
-3.268612215494570705e-01
-3.236362556259253509e-01
-3.208833980007375075e-01
-3.189237453140592038e-01
-3.179476712110718140e-01
-3.180060119464256374e-01
-3.190264684616028745e-01
-3.208446275690945981e-01
-3.232386285406674276e-01
-3.259600136913398671e-01
-3.287577647855810525e-01
-3.313959556594525679e-01
-3.336672071618806967e-01
-3.354043868046829857e-01
-3.364921353040672969e-01
-3.368781590830094430e-01
-3.365821781461386664e-01
-3.356986350282475939e-01
-3.343888189936139455e-01
-3.328599829207634642e-01
-3.313333741868929039e-01
-3.300081170767299454e-01
-3.290306048099322922e-01
-3.284774272965806929e-01
-3.283546218277866302e-01
-3.286102839039628520e-01
-3.291542851509010603e-01
-3.298788649437334186e-01
-3.306760246849504981e-01
-3.314502129502239214e-01
-3.321265947490159576e-01
-3.326559411060969751e-01
-3.330170664065379427e-01
-3.332171457328669817e-01
-3.332895217883491412e-01
-3.332881197142256724e-01
-3.332777103360884396e-01
-3.333202887421116145e-01
-3.334596616018092874e-01
-3.337081772781802513e-01
-3.340400978615321037e-01
-3.343944890310535101e-01
-3.346871536927809032e-01
-3.348278741778232259e-01
-3.347378909289711046e-01
-3.343635734603944698e-01
-3.336845664401177913e-01
-3.327168266367142024e-01
-3.315120235025670326e-01
-3.301547122450676497e-01
-3.287579236722626419e-01
-3.274568310664971449e-01
-3.263993393984865321e-01
-3.257321421393788441e-01
-3.255813786947614474e-01
-3.260288103137387594e-01
-3.270873126510753792e-01
-3.286824835707635728e-01
-3.306483716857266941e-01
-3.327428460003778454e-01
-3.346818592308009599e-01
-3.361845691635112487e-01
-3.370171692566037436e-01
-3.370247525269487454e-01
-3.361462912686574711e-01
-3.344141661844046709e-01
-3.319435090298750168e-01
-3.289171128046941561e-01
-3.255698377420124245e-01
-3.221738090212200589e-01
-3.190233504034578615e-01
-3.164170776052133149e-01
-3.146342062808615836e-01
-3.139032720793633047e-01
-3.143644549671309463e-01
-3.160313663337355194e-01
-3.187630563399324046e-01
-3.222592020374337451e-01
-3.260878057014249265e-01
-3.297447051328061818e-01
-3.327318429622305729e-01
-3.346335618942264389e-01
-3.351719226153404563e-01
-3.342317262398086797e-01
-3.318573719727213600e-01
-3.282310472570992843e-01
-3.236430964018710554e-01
-3.184623836082201009e-01
-3.131098462098025337e-01
-3.080342963645010812e-01
-3.036868332495501477e-01
-3.004893199338720677e-01
-2.987935626744819828e-01
-2.988314852978568581e-01
-3.006626529439282436e-01
-3.041324714337934054e-01
-3.088587129124187314e-01
-3.142611843415243911e-01
-3.196373263266716336e-01
-3.242692765397237054e-01
-3.275347224380720235e-01
-3.289928956740073573e-01
-3.284286860312235490e-01
-3.258544555113651597e-01
-3.214815913072932574e-01
-3.156777918962294649e-01
-3.089228887223072206e-01
-3.017696214220322304e-01
-2.948095937973516101e-01
-2.886403405866211358e-01
-2.838275488150632242e-01
-2.808572300427858437e-01
-2.800763978045850422e-01
-2.816276877690704339e-01
-2.853921222665256607e-01
-2.909611728665328911e-01
-2.976588216008213550e-01
-3.046224563501009897e-01
-3.109306423536573050e-01
-3.157463164384921583e-01
-3.184375797176119960e-01
-3.186489890285582050e-01
-3.163168524413784155e-01
-3.116404403007422275e-01
-3.050293651938318362e-01
-2.970454978570291615e-01
-2.883502773913804162e-01
-2.796600013346139946e-01
-2.717054500833704367e-01
-2.651889388036732242e-01
-2.607317949969711890e-01
-2.588086156760649459e-01
-2.596717342946419649e-01
-2.632792979528897348e-01
-2.692498496006390241e-01
-2.768692061796418358e-01
-2.851657997702261582e-01
-2.930484969514424165e-01
-2.994757413825599457e-01
-3.036112897296661117e-01
-3.049285031488935260e-01
-3.032474777502347507e-01
-2.987134740692898305e-01
-2.917392724666179049e-01
-2.829352187412315089e-01
-2.730431622797180324e-01
-2.628804250619509730e-01
-2.532915964978954548e-01
-2.451009811865745291e-01
-2.390572281001368538e-01
-2.357642003423254806e-01
-2.355988274846954056e-01
-2.386271315439891794e-01
-2.445411072187209101e-01
-2.526456471720894825e-01
-2.619189011288103330e-01
-2.711484382191819975e-01
-2.791165562021635793e-01
-2.847868160633648671e-01
-2.874437931370543708e-01
-2.867590072812564728e-01
-2.827845786479432633e-01
-2.758968627525337780e-01
-2.667181709243848786e-01
-2.560384956924455224e-01
-2.447479677540886911e-01
-2.337803609331334798e-01
-2.240610566588419061e-01
-2.164500870918129039e-01
-2.116722496330325498e-01
-2.102320910994937009e-01
-2.123217611198491284e-01
-2.177423946765344454e-01
-2.258694336374489353e-01
-2.356911557430674264e-01
-2.459320639616180415e-01
-2.552425137236635777e-01
-2.624079552475677701e-01
-2.665225581943708733e-01
-2.670883388811162718e-01
-2.640314560216072692e-01
-2.576542844343610028e-01
-2.485537621628175486e-01
-2.375333109960742206e-01
-2.255243383910698896e-01
-2.135211813083515153e-01
-2.025244287851002412e-01
-1.934830624275019062e-01
-1.872258272890281461e-01
-1.843768176676974235e-01
-1.852595931326472822e-01
-1.898070577701638229e-01
-1.975064839925266824e-01
-2.074126205997561812e-01
-2.182492449436246318e-01
-2.285908224683996792e-01
-2.370833910478875595e-01
-2.426463215299268228e-01
-2.446055426403859201e-01
-2.427381677705398033e-01
-2.372402002692730605e-01
-2.286475158259637652e-01
-2.177416581590208011e-01
-2.054619104920885064e-01
-1.928318661439387682e-01
-1.808978969224384059e-01
-1.706706064334984063e-01
-1.630587698502328209e-01
-1.587883720317595504e-01
-1.583073544881852257e-01
-1.616890112514646205e-01
-1.685604332097856428e-01
-1.780900048020672699e-01
-1.890611715325007935e-01
-2.000350678721396491e-01
-2.095704557547595215e-01
-2.164442676182432024e-01
-2.198158471780065071e-01
-2.193028408068453672e-01
-2.149707747332030294e-01
-2.072631413354564245e-01
-1.969058447321980765e-01
-1.848124403078799105e-01
-1.720032150958061834e-01
-1.595387890993560376e-01
-1.484608189494807107e-01
-1.397291692668556351e-01
-1.341464524247104606e-01
-1.322672196806262690e-01
-1.343001570357493790e-01
-1.400252922565403679e-01
-1.487587407804635831e-01
-1.593963859325420174e-01
-1.705490445416124601e-01
-1.807490420553392596e-01
-1.886776934532097272e-01
-1.933535869449443112e-01
-1.942391689579991976e-01
-1.912564651762593826e-01
-1.847324005761485921e-01
-1.753073666030946498e-01
-1.638372507757335228e-01
-1.513067634049125587e-01
-1.387586006909025116e-01
-1.272332943866860688e-01
-1.177097786486669406e-01
-1.110366512302451980e-01
-1.078487534416083804e-01
-1.084730588596372058e-01
-1.128407314643364856e-01
-1.204343085769998822e-01
-1.303025945322833223e-01
-1.411635126304933152e-01
-1.515867153378813725e-01
-1.602152125881328715e-01
-1.659675405580873786e-01
-1.681706760607859508e-01
-1.666033303207026250e-01
-1.614613846696588695e-01
-1.532761436722207549e-01
-1.428175643516382820e-01
-1.310044589968306639e-01
-1.188302827763720870e-01
-1.073022287068070568e-01
-9.738507375711691338e-02
-8.993965378811807909e-02
-8.564877736083609250e-02
-8.493083313765303899e-02
-8.785270733047134684e-02
-9.406598231853635639e-02
-1.027974055516356344e-01
-1.129185150525735537e-01
-1.230968247003527694e-01
-1.319995764479386935e-01
-1.384976958014316750e-01
-1.418171546074820100e-01
-1.416078654967733996e-01
-1.379319813532564609e-01
-1.311967343264885955e-01
-1.220636341847658457e-01
-1.113589588555008447e-01
-9.999796723225706785e-02
-8.892375972235910808e-02
-7.905425579757263677e-02
-7.122784444368868151e-02
-6.613961085033537302e-02
-6.426555238148168314e-02
-6.578161482218014555e-02
-7.049589704255510014e-02
-7.782121879995607117e-02
-8.681431032830921879e-02
-9.629205396999296340e-02
-1.050076950184219982e-01
-1.118441428971106433e-01
-1.159732373272603922e-01
-1.169447748814445021e-01
-1.146975815964346168e-01
-1.095103578829803581e-01
-1.019213814170694121e-01
-9.264319987889457764e-02
-8.248779096331482208e-02
-7.230628295884500290e-02
-6.293912443733340467e-02
-5.516859230048076768e-02
-4.966550761165144934e-02
-4.692574818099259915e-02
-4.719946684983433727e-02
-5.042583034331471481e-02
-5.619529900635633624e-02
-6.376414012754239025e-02
-7.213632221381161003e-02
-8.020608091441339127e-02
-8.692947239641313217e-02
-9.147966508216143211e-02
-9.334757972090379496e-02
-9.237243719750765081e-02
-8.871180307612469562e-02
-8.277539608969597396e-02
-7.514795930974038640e-02
-6.651845163374581205e-02
-5.762235434869644735e-02
-4.919549763915398444e-02
-4.193309177580317737e-02
-3.644655365309112938e-02
-3.321290864821691002e-02
-3.251685004412863123e-02
-3.439341449573696252e-02
-3.858761408870314824e-02
-4.455193880570362808e-02
-5.149818049954291155e-02
-5.850443899579893525e-02
-6.465667721378132171e-02
-6.918843934755614100e-02
-7.158251069294685465e-02
-7.161452342341334543e-02
-6.934063465013906580e-02
-6.504739512491752862e-02
-5.918626778500524210e-02
-5.231018992724045802e-02
-4.502076083356953973e-02
-3.792671294311489305e-02
-3.160935166768297222e-02
-2.658884523798477062e-02
-2.328624473246776461e-02
-2.197965273742497061e-02
-2.275871315293720443e-02
-2.548836433469148233e-02
-2.979771257027863385e-02
-3.510882422008698711e-02
-4.071041913511486143e-02
-4.586506720927197023e-02
-4.992363968825408449e-02
-5.241670610933724106e-02
-5.310225945898139344e-02
-5.196651518302175532e-02
-4.918954406751829822e-02
-4.509376721517632802e-02
-4.009104308511091119e-02
-3.463740621567623634e-02
-2.919771214848765339e-02
-2.421776747629778015e-02
-2.009944542225028385e-02
-1.717449220284272826e-02
-1.567487102960285483e-02
-1.570128973127360439e-02
-1.719633709562629065e-02
-1.993270574485173086e-02
-2.352754182610716782e-02
-2.748859987433682761e-02
-3.128704034893736718e-02
-3.444018939147142078e-02
-3.658229119274380992e-02
-3.750596364082703360e-02
-3.716891491678531168e-02
-3.567242568469630726e-02
-3.322440555120209638e-02
-3.009944217802207334e-02
-2.660381413632784131e-02
-2.304828150334614634e-02
-1.972767330182811918e-02
-1.690443456237034070e-02
-1.479314795838071461e-02
-1.354422285482215216e-02
-1.322713528506547220e-02
-1.381637437214422448e-02
-1.518569307612516184e-02
-1.711687479244439203e-02
-1.932655685887851860e-02
-2.150866978145593578e-02
-2.338321028383383293e-02
-2.473839781536035787e-02
-2.545543267995498127e-02
-2.551196224387375366e-02
-2.496785951677793491e-02
-2.394121669047066803e-02
-2.258251892794937987e-02
-2.105228114812618401e-02
-1.950418126317465806e-02
-1.807334286607620299e-02
-1.686832100511459487e-02
-1.596532248071547144e-02
-1.540387272869203628e-02
-1.518417362245116919e-02
-1.526741829671607320e-02
-1.558086883535203526e-02
-1.602902122810334617e-02
-1.651040128991532185e-02
-1.693693295412579403e-02
-1.725077245073869392e-02
-1.743354819283560175e-02
-1.750549151280367255e-02
-1.751565916263686518e-02
-1.752721829317849256e-02
-1.760232832959118809e-02
-1.778983176836668179e-02
-1.811700624654299929e-02
-1.858513759378510599e-02
-1.916808019619686831e-02
-1.981315264454330816e-02
-2.044432375503113519e-02
-2.096830900710777712e-02
-2.128456533401212880e-02
-2.129987408006073224e-02
-2.094693082121956706e-02
-2.020414970904660379e-02
-1.911148825395336814e-02
-1.777602386532350920e-02
-1.636278232974852642e-02
-1.507102386000269689e-02
-1.410171855908970429e-02
-1.362511321567616562e-02
-1.375632214561939293e-02
-1.454275202816823764e-02
-1.596259735814342662e-02
-1.793086241286268034e-02
-2.030896943927551490e-02
-2.291529174969220151e-02
-2.553585112963219217e-02
-2.793615983631703159e-02
-2.987632254747296656e-02
-3.113171581659024412e-02
-3.152045749255094620e-02
-3.093616111105035316e-02
-2.938038569677559053e-02
-2.698515544796720178e-02
-2.401457646206139884e-02
-2.083844981792815076e-02
-1.787983630219258657e-02
-1.554876696818752180e-02
-1.417978090478833053e-02
-1.398838786736966711e-02
-1.505291305847755723e-02
-1.731890230316501800e-02
-2.061784203721828135e-02
-2.469146458583537651e-02
-2.921574343406341256e-02
-3.382255736439354621e-02
-3.812033806460668472e-02
-4.171709912559329325e-02
-4.424976220529508453e-02
-4.542231048554334905e-02
-4.505165343959838253e-02
-4.311437746196133958e-02
-3.978144044225473408e-02
-3.542483668317331080e-02
-3.058424286184191487e-02
-2.589368783789680606e-02
-2.198374025397242804e-02
-1.938493945496944093e-02
-1.845683492951444293e-02
-1.935524567442392652e-02
-2.203574811510122800e-02
-2.628158182682582833e-02
-3.174198336308720059e-02
-3.797055732390752780e-02
-4.445910626782456632e-02
-5.066762383587608554e-02
-5.605463578817193593e-02
-6.011336029421165961e-02
-6.241798837791634469e-02
-6.268037723367037017e-02
-6.081061970664158878e-02
-5.696682789024798410e-02
-5.157392489385514978e-02
-4.529351351378885226e-02
-3.893986123459924897e-02
-3.335691653050254502e-02
-2.928767029741763395e-02
-2.726996899271583175e-02
-2.758048316242600606e-02
-3.022912598060756295e-02
-3.499073264068286448e-02
-4.145513496189856539e-02
-4.907987256741463966e-02
-5.723711672556142105e-02
-6.525377382904373746e-02
-7.244899539005089650e-02
-7.817579240065875013e-02
-8.187293978334508893e-02
-8.312952546640772766e-02
-8.175717165914697659e-02
-7.785528251758044860e-02
-7.184641528401591870e-02
-6.445812352429136638e-02
-5.663932871802224156e-02
-4.942174271782562300e-02
-4.375952412538630654e-02
-4.038964713881654234e-02
-3.974548282847933933e-02
-4.193360193083250920e-02
-4.676226393351967658e-02
-5.379921992898495375e-02
-6.243746217449164249e-02
-7.195556560968263682e-02
-8.156864984565359578e-02
-9.047329206723908612e-02
-9.789373890978225745e-02
-1.031372938760100055e-01
-1.056635691079055306e-01
-1.051650893695299516e-01
-1.016462013108121454e-01
-9.547661293130005333e-02
-8.739148867742407845e-02
-7.841857346901903725e-02
-6.973545224986388291e-02
-6.248773248573868955e-02
-5.761595333142466302e-02
-5.573451757934222428e-02
-5.708309291563296028e-02
-6.154405935454576593e-02
-6.870244304413297698e-02
-7.792194197886459506e-02
-8.841809049386917252e-02
-9.932052341232733284e-02
-1.097257212758773193e-01
-1.187474636772378744e-01
-1.255741048795666615e-01
-1.295396164466833255e-01
-1.302088111176935570e-01
-1.274665196167035219e-01
-1.215882137834967125e-01
-1.132615869601227843e-01
-1.035327379685924143e-01
-9.367093298040529703e-02
-8.497634034920764634e-02
-7.857966425661722099e-02
-7.528591639394122126e-02
-7.549460744904479270e-02
-7.919834848291174012e-02
-8.603815404484294049e-02
-9.538551105547909970e-02
-1.064266136121538864e-01
-1.182357735658445819e-01
-1.298363806863100933e-01
-1.402556192620085795e-01
-1.485826399594269986e-01
-1.540390163330407347e-01
-1.560648778182738283e-01
-1.544140550340244999e-01
-1.492385504902049576e-01
-1.411317217976382210e-01
-1.310988353253605965e-01
-1.204396427394449631e-01
-1.105579832332281853e-01
-1.027438652141388076e-01
-9.798573247632447192e-02
-9.685669245751427070e-02
-9.948761081468582290e-02
-1.056105517527328175e-01
-1.146414069352896803e-01
-1.257721813003875866e-01
-1.380545390441412223e-01
-1.504690451488155389e-01
-1.619843465470172106e-01
-1.716157910303106604e-01
-1.784936061772768312e-01
-1.819467048096434780e-01
-1.815992674221167391e-01
-1.774643962013655596e-01
-1.700062712808314558e-01
-1.601369680634956438e-01
-1.491245113809380740e-01
-1.384162662720900272e-01
-1.294154999862406896e-01
-1.232697574891084003e-01
-1.207241582474871677e-01
-1.220645663042585483e-01
-1.271423742026378534e-01
-1.354514286526775635e-01
-1.462241527199203972e-01
-1.585231931449104792e-01
-1.713184366234354883e-01
-1.835507932490543226e-01
-1.941912020866354283e-01
-2.023055395909967302e-01
-2.071336012057223286e-01
-2.081829262567946870e-01
-2.053263287256079650e-01
-1.988783389719195327e-01
-1.896168731692071674e-01
-1.787209620189855741e-01
-1.676178835476882512e-01
-1.577669423884486832e-01
-1.504346942586831659e-01
-1.465203426569416933e-01
-1.464677216944654248e-01
-1.502660809724609692e-01
-1.575149631409811235e-01
-1.675190357048883527e-01
-1.793847496174283407e-01
-1.921038492587179292e-01
-2.046215806381646019e-01
-2.158961947367199485e-01
-2.249601870980555418e-01
-2.309928044368358968e-01
-2.334076624515013521e-01
-2.319489311346512039e-01
-2.267761754002339813e-01
-2.185067151545538877e-01
-2.081835116531927099e-01
-1.971528183901671838e-01
-1.868669119284849245e-01
-1.786586747780649631e-01
-1.735477306570309963e-01
-1.721236700409356501e-01
-1.745199058234003786e-01
-1.804609360955833353e-01
-1.893503458598733147e-01
-2.003684695857099740e-01
-2.125602359812628350e-01
-2.249070868127756029e-01
-2.363870152588543050e-01
-2.460321431090317645e-01
-2.529939059181529615e-01
-2.566219836928063103e-01
-2.565545807979852100e-01
-2.528054560679837692e-01
-2.458209184674764458e-01
-2.364749429422108307e-01
-2.259802680315559087e-01
-2.157192869332025253e-01
-2.070306070465210979e-01
-2.010071870115481829e-01
-1.983569476746716020e-01
-1.993499156653921744e-01
-2.038439913656375779e-01
-2.113608504372699315e-01
-2.211800145430764530e-01
-2.324280257939292937e-01
-2.441526731928878036e-01
-2.553832934024669044e-01
-2.651848576418203152e-01
-2.727156385087248225e-01
-2.772959892558546358e-01
-2.784891994849214569e-01
-2.761849487780132506e-01
-2.706639751837158769e-01
-2.626148244626591577e-01
-2.530774124627210853e-01
-2.433076683348023295e-01
-2.345871084108441806e-01
-2.280254204123366435e-01
-2.244077540469735510e-01
-2.241188604987787159e-01
-2.271459825189392490e-01
-2.331384479090647943e-01
-2.414934744139340950e-01
-2.514430143294443809e-01
-2.621281490766680378e-01
-2.726588803696472496e-01
-2.821648148390032418e-01
-2.898455347941641946e-01
-2.950286735019513884e-01
-2.972390364377464067e-01
-2.962737256633207750e-01
-2.922675621661596779e-01
-2.857242193283759946e-01
-2.774878565550142895e-01
-2.686429888789643172e-01
-2.603550996933545747e-01
-2.536896239515584739e-01
-2.494572625078017580e-01
-2.481221514818443552e-01
-2.497835413850513220e-01
-2.542167284957930207e-01
-2.609464917644466198e-01
-2.693276519520892975e-01
-2.786168427739710296e-01
-2.880304118229037869e-01
-2.967914841545127302e-01
-3.041734148327979170e-01
-3.095473062364462180e-01
-3.124382682209159157e-01
-3.125888056068060195e-01
-3.100189063620639729e-01
-3.050637540302769679e-01
-2.983665520464029441e-01
-2.908111091368681400e-01
-2.833975615890160782e-01
-2.770875848734366542e-01
-2.726596320954399744e-01
-2.706107829579806889e-01
-2.711220830009519744e-01
-2.740809662071796993e-01
-2.791395065400159581e-01
-2.857849455200067723e-01
-2.934056271319818165e-01
-3.013450183591004361e-01
-3.089444645032468628e-01
-3.155800010836706804e-01
-3.206998829619056579e-01
-3.238678635206770906e-01
-3.248128778343684075e-01
-3.234790810453525012e-01
-3.200627841544179120e-01
-3.150182590827554918e-01
-3.090172391075896030e-01
-3.028595570082615041e-01
-2.973509882975289287e-01
-2.931792197022886626e-01
-2.908204508988987413e-01
-2.904961336367417601e-01
-2.921799206365705004e-01
-2.956398675832971890e-01
-3.004959971173448707e-01
-3.062771363606664465e-01
-3.124685830631079853e-01
-3.185493247548354390e-01
-3.240221758118444484e-01
-3.284420222073869411e-01
-3.314467300312706755e-01
-3.327924889005018372e-01
-3.323907234173972824e-01
-3.303381307575570247e-01
-3.269271124757278102e-01
-3.226241926927997383e-01
-3.180114514633736178e-01
-3.136992162966478759e-01
-3.102309429123817353e-01
-3.080055550888083360e-01
-3.072353554423035149e-01
-3.079433941888254367e-01
-3.099912093798007362e-01
-3.131219347152214283e-01
-3.170052176943993771e-01
-3.212758301207596645e-01
-3.255636198971068040e-01
-3.295164904064673550e-01
-3.328199361383177290e-01
-3.352165996437506124e-01
-3.365277144453671099e-01
-3.366754581419773018e-01
-3.357016940712664876e-01
-3.337755648145090959e-01
-3.311819132219007145e-01
-3.282863493851984060e-01
-3.254807188399766460e-01
-3.231213126841936401e-01
-3.214762525076686472e-01
-3.206951218919229518e-01
-3.208050211140900387e-01
-3.217280914626918786e-01
-3.233106584197287248e-01
-3.253543966250660446e-01
-3.276433304955084225e-01
-3.299644404846091561e-01
-3.321225129133686949e-01
-3.339512122852994480e-01
-3.353223987891951197e-01
-3.361548412916803841e-01
-3.364220239756576802e-01
-3.361570982551853604e-01
-3.354518154443653088e-01
-3.344463636221206571e-01
-3.333091123138842704e-01
-3.322090447817060976e-01
-3.312873941423433166e-01
-3.306363047594906845e-01
-3.302900127382102369e-01
-3.302292880067447811e-01
-3.303954649007678768e-01
-3.307084480215216615e-01
-3.310838121315384797e-01
-3.314462436039278259e-01
-3.317386467034388886e-01
-3.319274714876918608e-01
-3.320051252431177602e-01
-3.319899877216592188e-01
-3.319239282304486949e-01
-3.318666775977696659e-01
-3.318863041030795102e-01
-3.320457175042257347e-01
-3.323866915914130971e-01
-3.329149113122653603e-01
-3.335908853521196704e-01
-3.343309044905318217e-01
-3.350191819202485988e-01
-3.355281894354966710e-01
-3.357413357787386587e-01
-3.355720910831472281e-01
-3.349760728661443920e-01
-3.339557153023697822e-01
-3.325592935228272040e-01
-3.308766636256343929e-01
-3.290334338688083449e-01
-3.271840623679800331e-01
-3.255031432862764973e-01
-3.241732864238677791e-01
-3.233678550520480144e-01
-3.232277811529016276e-01
-3.238340002251760552e-01
-3.251804779496048070e-01
-3.271560396496120404e-01
-3.295439892809781668e-01
-3.320448434616096733e-01
-3.343197902809791344e-01
-3.360443256261724798e-01
-3.369577080500896216e-01
-3.368966222585534354e-01
-3.358086368607793304e-01
-3.337482403025227029e-01
-3.308621222899432723e-01
-3.273703889221657448e-01
-3.235479753880277087e-01
-3.197074161467305942e-01
-3.161815205778850668e-01
-3.133029282920141156e-01
-3.113772908500678227e-01
-3.106483100081547377e-01
-3.112563750291563736e-01
-3.131977675154828944e-01
-3.162965998129152467e-01
-3.202035201494979333e-01
-3.244304752616500309e-01
-3.284193109633903873e-01
-3.316286421268799245e-01
-3.336159293065854570e-01
-3.340946935534994111e-01
-3.329580057536141169e-01
-3.302717722921677534e-01
-3.262487906301458906e-01
-3.212154076983608775e-01
-3.155789511866124997e-01
-3.097989908882325949e-01
-3.043610828004084112e-01
-2.997488946241411156e-01
-2.964098299638173728e-01
-2.947107646424917959e-01
-2.948846526855675165e-01
-2.969753823562903960e-01
-3.007955948253204781e-01
-3.059162805341131275e-01
-3.117031170516426641e-01
-3.174009797861643278e-01
-3.222496613779490815e-01
-3.256006534240185601e-01
-3.270051055865863532e-01
-3.262563286581254829e-01
-3.233878759365538258e-01
-3.186408284818753600e-01
-3.124173411608310857e-01
-3.052336235338515280e-01
-2.976786166648537346e-01
-2.903781624081780421e-01
-2.839601098125754675e-01
-2.790140362654014439e-01
-2.760402995352073674e-01
-2.753873489957925358e-01
-2.771836572139640964e-01
-2.812798096929469693e-01
-2.872231441948258635e-01
-2.942859888452886707e-01
-3.015551943321703732e-01
-3.080685688070516903e-01
-3.129641492227719368e-01
-3.156030274436005811e-01
-3.156389100569256811e-01
-3.130294353108631356e-01
-3.080028956450320266e-01
-3.010017969380385239e-01
-2.926220237355892095e-01
-2.835582830575944513e-01
-2.745579379279661225e-01
-2.663790648225194957e-01
-2.597454301342949634e-01
-2.552912518218874993e-01
-2.534923844130787529e-01
-2.545881660687143722e-01
-2.585085836579459340e-01
-2.648309276440663496e-01
-2.727922718519515399e-01
-2.813730643045353474e-01
-2.894435436506803683e-01
-2.959391018637624882e-01
-3.000181481107588866e-01
-3.011645392461126391e-01
-2.992204155018995948e-01
-2.943598181004425385e-01
-2.870270589649948079e-01
-2.778640704863555300e-01
-2.676427223518018650e-01
-2.572077075444489935e-01
-2.474272198660365518e-01
-2.391438135616041905e-01
-2.331167939031431047e-01
-2.299503989879880805e-01
-2.300092039133616595e-01
-2.333330867654304086e-01
-2.395757106001816794e-01
-2.479964235884146717e-01
-2.575283684120854844e-01
-2.669230756340290611e-01
-2.749421108472205333e-01
-2.805458694483675686e-01
-2.830313655826088848e-01
-2.820935118919010165e-01
-2.778135395908876148e-01
-2.705983737496531205e-01
-2.610996423162426083e-01
-2.501340079663627591e-01
-2.386149382531677077e-01
-2.274955853445170817e-01
-2.177157002591911805e-01
-2.101429752605632473e-01
-2.055009349923864193e-01
-2.042817485965464641e-01
-2.066529863280486268e-01
-2.123802071483105181e-01
-2.207966197387278839e-01
-2.308487680608983794e-01
-2.412280690031742836e-01
-2.505668410499595211e-01
-2.576499717119595800e-01
-2.615865371771164405e-01
-2.619039250921773032e-01
-2.585583906182797875e-01
-2.518824759412119363e-01
-2.425005291284421105e-01
-2.312394085106639352e-01
-2.190496913740958007e-01
-2.069405099525134517e-01
-1.959223984622227022e-01
-1.869483165992669171e-01
-1.808433266030640141e-01
-1.782183782466084665e-01
-1.793734104564848053e-01
-1.842081454106470062e-01
-1.921708547705236469e-01
-2.022779709585087460e-01
-2.132233870457689306e-01
-2.235664975711593172e-01
-2.319556847916182107e-01
-2.373281057255205440e-01
-2.390376032250784988e-01
-2.368930449754280687e-01
-2.311208658611896283e-01
-2.222829825306860130e-01
-2.111814678058543393e-01
-1.987706913104680950e-01
-1.860843043832716148e-01
-1.741738289777750026e-01
-1.640496078709752226e-01
-1.566136266903939145e-01
-1.525772003643233177e-01
-1.523649019876671673e-01
-1.560187086151465508e-01
-1.631296721269492878e-01
-1.728312519921892942e-01
-1.838803297973257145e-01
-1.948260941810886493e-01
-2.042327390592291181e-01
-2.108981369208784429e-01
-2.140125365976963678e-01
-2.132276204354077720e-01
-2.086403193257702071e-01
-2.007194613153906460e-01
-1.902090813565848748e-01
-1.780340315620243530e-01
-1.652199794510700315e-01
-1.528277299125413435e-01
-1.418940536979107492e-01
-1.333683442346078607e-01
-1.280363105951032310e-01
-1.264286444335738224e-01
-1.287239295293396424e-01
-1.346686724699175386e-01
-1.435472525317393888e-01
-1.542322827394748685e-01
-1.653257997711321536e-01
-1.753687055936481443e-01
-1.830665355377902870e-01
-1.874720708285870785e-01
-1.880845917390239208e-01
-1.848591854600734052e-01
-1.781481373375193300e-01
-1.686082211702633060e-01
-1.571033128993093442e-01
-1.446190950993297974e-01
-1.321935259217532632e-01
-1.208574393123384993e-01
-1.115752086762178408e-01
-1.051756978949214272e-01
-1.022686844822651153e-01
-1.031515435108154577e-01
-1.077238559008542040e-01
-1.154392416085059381e-01
-1.253263481428845694e-01
-1.360974001118897547e-01
-1.463337078626558707e-01
-1.547057627142578440e-01
-1.601697094582021919e-01
-1.620925195253697382e-01
-1.602882164535301968e-01
-1.549787961927506785e-01
-1.467109323223247941e-01
-1.362598931842207151e-01
-1.245415142077099802e-01
-1.125398414423273152e-01
-1.012475841100091145e-01
-9.161065933138701212e-02
-8.446690178631754975e-02
-8.047223357099397845e-02
-8.001524374057211730e-02
-8.313251136460308999e-02
-8.944900972451819143e-02
-9.817411223833616418e-02
-1.081765264512313252e-01
-1.181383264197144456e-01
-1.267573417931266988e-01
-1.329454793714823779e-01
-1.359720478819603784e-01
-1.355249731083141285e-01
-1.316939392030924694e-01
-1.249012908197677518e-01
-1.158119022592885017e-01
-1.052457399692841022e-01
-9.410442597124202280e-02
-8.331202777789314950e-02
-7.376331052544315980e-02
-6.627015397775437577e-02
-6.149846506176004368e-02
-5.989360869884663430e-02
-6.160181851289081578e-02
-6.640628526755065764e-02
-7.370477359680549512e-02
-8.255371080156947983e-02
-9.178715104063428498e-02
-1.001917575260691251e-01
-1.066945919174777657e-01
-1.105141639894391403e-01
-1.112412522132899539e-01
-1.088441660548333800e-01
-1.036171741244373834e-01
-9.610074127008871869e-02
-8.699849195270559221e-02
-7.710514185310657354e-02
-6.724866815943641996e-02
-5.824228908313244801e-02
-5.083823874851844948e-02
-4.567558927126569301e-02
-4.321825427355818761e-02
-4.368663695331065355e-02
-4.699604989832906199e-02
-5.272365332054107512e-02
-6.012748231354336781e-02
-6.823089244312185997e-02
-7.596398478604271531e-02
-8.232979846889421083e-02
-8.655131368806578962e-02
-8.816346878681713406e-02
-8.703728244574548967e-02
-8.334694928624486465e-02
-7.750394198557941650e-02
-7.008224333970858311e-02
-6.175064259750229212e-02
-5.321794584656203142e-02
-4.518909337924981173e-02
-3.832591104790949998e-02
-3.320543150442389901e-02
-3.027106498576515037e-02
-2.977719690289148957e-02
-3.173544120160798343e-02
-3.587864848064725720e-02
-4.166259823845663846e-02
-4.832019289269240403e-02
-5.496737008403584923e-02
-6.073945173756811755e-02
-6.492258340751178025e-02
-6.704647068600522175e-02
-6.692101858218890698e-02
-6.462052018152419919e-02
-6.043350283446713433e-02
-5.479959667598066630e-02
-4.824944028047895017e-02
-4.135514820591268403e-02
-3.469148812529354586e-02
-2.880343455524680962e-02
-2.417429187229203080e-02
-2.118973561637815806e-02
-2.009664579416536867e-02
-2.096114111260760637e-02
-2.363652614034705834e-02
-2.775611456717896885e-02
-3.276423806708450570e-02
-3.798887380446203110e-02
-4.274378160795677672e-02
-4.643474066279296153e-02
-4.864182911124004249e-02
-4.915973924912719895e-02
-4.799458030246839257e-02
-4.532913461074983275e-02
-4.147361009954053657e-02
-3.681621738360618679e-02
-3.178147982918488879e-02
-2.679792437909611635e-02
-2.227264978138521201e-02
-1.856855023474324184e-02
-1.598034757099853209e-02
-1.470771215039690105e-02
-1.482733554292181566e-02
-1.627015662819530917e-02
-1.881338369669194321e-02
-2.209696591037868529e-02
-2.566872149811771919e-02
-2.905221861349005508e-02
-3.182141665636351036e-02
-3.366219230827027786e-02
-3.440604379845169092e-02
-3.403237033738903961e-02
-3.264622592213939356e-02
-3.044348950664854669e-02
-2.767447216234231178e-02
-2.461270856013442199e-02
-2.153105288904555437e-02
-1.868395214144058514e-02
-1.629330300056963665e-02
-1.453533986239818887e-02
-1.352717195768349256e-02
-1.331356760214674750e-02
-1.385693145561361916e-02
-1.503528107882345921e-02
-1.665311480758546736e-02
-1.846729012022763072e-02
-2.022470302120993324e-02
-2.170306064686045033e-02
-2.274376266875322017e-02
-2.326865763269125864e-02
-2.327871394935954186e-02
-2.283875730890727596e-02
-2.205541957955858834e-02
-2.105488408554734292e-02
-1.996443376039991335e-02
-1.889906871799240662e-02
-1.795264197523849248e-02
-1.719227777208232055e-02
-1.665502426195786256e-02
-1.634637870884247945e-02
-1.624115619813792932e-02
-1.628778543727449346e-02
-1.641708970101518617e-02
-1.655560552782375794e-02
-1.664157997005588641e-02
-1.663977580212971930e-02
-1.655044983905895606e-02
-1.640931006274826132e-02
-1.627846369833818585e-02
-1.623156897601063520e-02
-1.633783035392966099e-02
-1.664870009809860107e-02
-1.718913190451587525e-02
-1.795332180209996409e-02
-1.890387137315485688e-02
-1.997328829039801690e-02
-2.106735564577633113e-02
-2.207073617332966364e-02
-2.285586358707902832e-02
-2.329635830156107090e-02
-2.328551614416696225e-02
-2.275859519729195313e-02
-2.171488106172958510e-02
-2.023293234865164436e-02
-1.847185566328235495e-02
-1.665446683141169615e-02
-1.503432068261645327e-02
-1.385486906535504659e-02
-1.331174842356119825e-02
-1.352690586564619935e-02
-1.453776162341213762e-02
-1.629927299884315062e-02
-1.869399557286044455e-02
-2.154532973275280483e-02
-2.463100691763031591e-02
-2.769622135145866082e-02
-3.046779432480661853e-02
-3.267192774414340306e-02
-3.405814221979497347e-02
-3.443052345319941310e-02
-3.368414736382163710e-02
-3.183992193456219866e-02
-2.906681051584314446e-02
-2.567948881404547024e-02
-2.210454700479758117e-02
-1.881886628884998913e-02
-1.627490643008044913e-02
-1.483279836156370379e-02
-1.471523272655872461e-02
-1.599103193949957813e-02
-1.858317842851064938e-02
-2.229163165168301930e-02
-2.682128626307900277e-02
-3.180887186271519340e-02
-3.684693693717377982e-02
-4.150664317670305081e-02
-4.536322202097764489e-02
-4.802831724504130761e-02
-4.919171360384666514e-02
-4.867079367754101327e-02
-4.645979859496662812e-02
-4.276454748630698077e-02
-3.800556495736628904e-02
-3.277766134379689333e-02
-2.776754332067810083e-02
-2.364749806815780175e-02
-2.097323060157307850e-02
-2.011126315482059113e-02
-2.120798464710915709e-02
-2.419689123867030389e-02
-2.883069052561637591e-02
-3.472330040033000387e-02
-4.139103419920076021e-02
-4.828857109284712124e-02
-5.484084622597862335e-02
-6.047551784194027391e-02
-6.466182125741681830e-02
-6.696013982532278419e-02
-6.708213524975192854e-02
-6.495389569005638464e-02
-6.076606778249171725e-02
-5.498959662775249058e-02
-4.833897358835770319e-02
-4.167937645060959539e-02
-3.589513769552965528e-02
-3.175336440985887521e-02
-2.979805856728745539e-02
-3.029599557535789245e-02
-3.323511199804229932e-02
-3.836056080208649632e-02
-4.522849637433878911e-02
-5.326149462803186907e-02
-6.179738940081946907e-02
-7.013095844099481724e-02
-7.755318726632154380e-02
-8.339517871647217362e-02
-8.708297929826969153e-02
-8.820532015452187125e-02
-8.658840603104067668e-02
-8.236179709220081691e-02
-7.599124515911270805e-02
-6.825445494174076089e-02
-6.014893131167653451e-02
-5.274486753581442144e-02
-4.701890969771582718e-02
-4.371276369719012678e-02
-4.324883348871821909e-02
-4.571129094754766697e-02
-5.087921637869641245e-02
-5.828822590148163840e-02
-6.729884263423357993e-02
-7.715849660128171195e-02
-8.705370341832718850e-02
-9.615629761050570323e-02
-1.036714740445532357e-01
-1.088956507020455433e-01
-1.112885742577951476e-01
-1.105563818879495841e-01
-1.067313556712967682e-01
-1.002234336837659612e-01
-9.181483279574464973e-02
-8.257908411080094879e-02
-7.372985775733198466e-02
-6.643311336196333627e-02
-6.163214224530477736e-02
-5.992869316706617155e-02
-6.153899662564299433e-02
-6.631624451891582339e-02
-7.381456130506336422e-02
-8.336761710747708776e-02
-9.416319812283191482e-02
-1.053062885643107904e-01
-1.158726540144705552e-01
-1.249606027466931835e-01
-1.317502233080247720e-01
-1.355768562314452197e-01
-1.360185596044338752e-01
-1.329862393903979978e-01
-1.267926969630295275e-01
-1.181693799008343149e-01
-1.082050201413053969e-01
-9.820216931188952003e-02
-8.947879720411222593e-02
-8.316591278001439491e-02
-8.005362103480351266e-02
-8.051631462091535241e-02
-8.451678250986915941e-02
-9.166588082276660998e-02
-1.013072414957072453e-01
-1.126026941071778253e-01
-1.246060851580743645e-01
-1.363245606831320345e-01
-1.467740264091688118e-01
-1.550387154627408393e-01
-1.603435758639193409e-01
-1.621423271904731678e-01
-1.602135499969570276e-01
-1.547439421232255086e-01
-1.463673019737044001e-01
-1.361281598333263787e-01
-1.253564553569397333e-01
-1.154709654502816818e-01
-1.077591997731275342e-01
-1.031919733276431828e-01
-1.023149894838759622e-01
-1.052279827269408941e-01
-1.116329777794966560e-01
-1.209197241838211312e-01
-1.322590167189829913e-01
-1.446862576908181097e-01
-1.571704905463100488e-01
-1.686737320212294833e-01
-1.782103836429627108e-01
-1.849167877874258181e-01
-1.881365508000776288e-01
-1.875179410566474303e-01
-1.831065719128943670e-01
-1.754039284351804895e-01
-1.653579257268056324e-01
-1.542635034152972651e-01
-1.435798970184087864e-01
-1.347048387696503369e-01
-1.287651824846136606e-01
-1.264758462844461917e-01
-1.280895957527228290e-01
-1.334272038628903090e-01
-1.419574768912745810e-01
-1.528943552213668511e-01
-1.652882303906366701e-01
-1.781022302465018470e-01
-1.902755489635588049e-01
-2.007826209982077614e-01
-2.086988165221903557e-01
-2.132804671486354664e-01
-2.140592701356247574e-01
-2.109389620907897722e-01
-2.042686038343788368e-01
-1.948586456346212969e-01
-1.839117215776120418e-01
-1.728638247580072118e-01
-1.631655816476396126e-01
-1.560596007448289413e-01
-1.524117130591307046e-01
-1.526301092136250759e-01
-1.566721321979436254e-01
-1.641126782407908991e-01
-1.742400701365554028e-01
-1.861521134927102139e-01
-1.988383836017959538e-01
-2.112473820004012737e-01
-2.223455792815798304e-01
-2.311788349511623153e-01
-2.369454308959184630e-01
-2.390839452370840945e-01
-2.373685691097193740e-01
-2.319911404358165896e-01
-2.235984987466466123e-01
-2.132540079071709727e-01
-2.023095140608610620e-01
-1.922054885685753334e-01
-1.842475668043519477e-01
-1.794186191159674593e-01
-1.782696033085784393e-01
-1.809000908483682224e-01
-1.870095873459654001e-01
-1.959867683765104118e-01
-2.070063667192201251e-01
-2.191153579995663847e-01
-2.313032552936356012e-01
-2.425610696703550673e-01
-2.519384628700827022e-01
-2.586089226390697604e-01
-2.619485660826370577e-01
-2.616254312233223800e-01
-2.576839192820479241e-01
-2.505972901061248592e-01
-2.412569827803245914e-01
-2.308783651727708275e-01
-2.208290324654527126e-01
-2.124171438202537843e-01
-2.066954873556348105e-01
-2.043300888128207760e-01
-2.055546701540400534e-01
-2.102010882389926394e-01
-2.177767888356108017e-01
-2.275580448234393316e-01
-2.386771143276789076e-01
-2.501943160755359941e-01
-2.611566631074424549e-01
-2.706509394134748447e-01
-2.778608236857493807e-01
-2.821351267758842596e-01
-2.830674575191594045e-01
-2.805771846818849724e-01
-2.749699932875770969e-01
-2.669493588585147847e-01
-2.575551496910577498e-01
-2.480257514427819387e-01
-2.396092592831244872e-01
-2.333719044789184238e-01
-2.300535954926630211e-01
-2.299999532717755812e-01
-2.331705201008560380e-01
-2.392003302942313780e-01
-2.474849463989237108e-01
-2.572650270504794889e-01
-2.676981084941409961e-01
-2.779161836867771740e-01
-2.870748255086041922e-01
-2.944025047848519705e-01
-2.992577061342593936e-01
-3.011966079116135120e-01
-3.000457098525366462e-01
-2.959634091426188718e-01
-2.894662952810378442e-01
-2.813962107217626851e-01
-2.728177364819117656e-01
-2.648603039521191249e-01
-2.585428872570183501e-01
-2.546277056869605815e-01
-2.535367720626346966e-01
-2.553395263418245520e-01
-2.597962422563604434e-01
-2.664308720827790467e-01
-2.746091750096546491e-01
-2.836074943237676393e-01
-2.926679608195037474e-01
-3.010434924584082239e-01
-3.080397250800892550e-01
-3.130611743848987771e-01
-3.156657860117206837e-01
-3.156257508938331569e-01
-3.129839026017045001e-01
-3.080869239822092709e-01
-3.015739432488118155e-01
-2.943068989371688815e-01
-2.872476852315841711e-01
-2.813089209672270385e-01
-2.772176168925888362e-01
-2.754257723762698618e-01
-2.760822495906367635e-01
-2.790582009448705492e-01
-2.840049957177903650e-01
-2.904222680997214923e-01
-2.977205687337836082e-01
-3.052722750251923856e-01
-3.124518410921872658e-01
-3.186706732507538220e-01
-3.234129501019644692e-01
-3.262769355130146209e-01
-3.270219788036321518e-01
-3.256149324233348352e-01
-3.222628096963831013e-01
-3.174146332360905376e-01
-3.117188694767847323e-01
-3.059354435555050600e-01
-3.008189890776336028e-01
-2.970032159770319424e-01
-2.949165156747035610e-01
-2.947457293926980526e-01
-2.964466192141301804e-01
-2.997860698203957952e-01
-3.043972159493257834e-01
-3.098328008253048438e-01
-3.156094012708443586e-01
-3.212417714255622059e-01
-3.262706944360260763e-01
-3.302892224223974438e-01
-3.329714005193551429e-01
-3.341048152045722475e-01
-3.336239034221755162e-01
-3.316358501752603161e-01
-3.284272475267968616e-01
-3.244405574691633376e-01
-3.202168791212045562e-01
-3.163139013868665472e-01
-3.132191095711611695e-01
-3.112812875407655611e-01
-3.106758514812568706e-01
-3.114062081071011789e-01
-3.133318370736049019e-01
-3.162090718529242395e-01
-3.197324287107505825e-01
-3.235695302676866447e-01
-3.273878903629068304e-01
-3.308753330406588589e-01
-3.337572970609770096e-01
-3.358140471281245709e-01
-3.368992383743218966e-01
-3.369586698811488645e-01
-3.360449628151407353e-01
-3.343214808082528577e-01
-3.320488384677133809e-01
-3.295512312737614025e-01
-3.271670139235460795e-01
-3.251951358018700944e-01
-3.238517743251456693e-01
-3.232476860204336333e-01
-3.233886427405074926e-01
-3.241936191766825459e-01
-3.255217513249419881e-01
-3.271998689111654812e-01
-3.290456429674293304e-01
-3.308848147840492970e-01
-3.325632896076236023e-01
-3.339558284425336865e-01
-3.349729288899538915e-01
-3.355666286175562618e-01
-3.357347334098648162e-01
-3.355217555274236929e-01
-3.350142085203344777e-01
-3.343284991030870401e-01
-3.335918083506861365e-01
-3.329194550731884306e-01
-3.323946328674942663e-01
-3.320563561390876828e-01
-3.318985766309623386e-01
-3.318793154343246954e-01
-3.319356248612237437e-01
-3.319995467494507579e-01
-3.320115745313323430e-01
-3.319301408355457284e-01
-3.317372134978846532e-01
-3.314407524839246832e-01
-3.310746723608204434e-01
-3.306964081102314879e-01
-3.303815600803616803e-01
-3.302147544665956502e-01
-3.302761651600150117e-01
-3.306243819536369699e-01
-3.312783904911853483e-01
-3.322035581656557213e-01
-3.333072445257379002e-01
-3.344477008875301749e-01
-3.354554954571042913e-01
-3.361619454174125110e-01
-3.364267183765257130e-01
-3.361580855303358817e-01
-3.353230573477361531e-01
-3.339484127913294742e-01
-3.321157102629257452e-01
-3.299534503788947859e-01
-3.276283390429846065e-01
-3.253359492174645595e-01
-3.232896264107054662e-01
-3.217056112148064528e-01
-3.207823987403379817e-01
-3.206737005538862206e-01
-3.214572486958111597e-01
-3.231056422063893763e-01
-3.254688469258582018e-01
-3.282782037894449445e-01
-3.311768878693222007e-01
-3.337726161136700398e-01
-3.356995042032018262e-01
-3.366726234794725769e-01
-3.365229192460184038e-01
