-4.337658643181751539e-01
-4.337201624168839920e-01
-4.336634787542592018e-01
-4.335955509707222766e-01
-4.335161069603243322e-01
-4.334248647250293351e-01
-4.333215322088745380e-01
-4.332058071689070533e-01
-4.330773770301609704e-01
-4.329359188280645365e-01
-4.327810990162327953e-01
-4.326125732742602259e-01
-4.324299863855962101e-01
-4.322329720564399014e-01
-4.320211528192896000e-01
-4.317941398830626443e-01
-4.315515329873786388e-01
-4.312929202929249306e-01
-4.310178782628015237e-01
-4.307259715292943159e-01
-4.304167527911794688e-01
-4.300897627214361196e-01
-4.297445298395707325e-01
-4.293805704512487220e-01
-4.289973885573949430e-01
-4.285944757917436454e-01
-4.281713113438167517e-01
-4.277273619318621711e-01
-4.272620817660776615e-01
-4.267749125125285814e-01
-4.262652833132706820e-01
-4.257326107891256650e-01
-4.251762990584161961e-01
-4.245957398077426226e-01
-4.239903123516574612e-01
-4.233593837221771294e-01
-4.227023087936820356e-01
-4.220184304244700146e-01
-4.213070796267592288e-01
-4.205675757484871879e-01
-4.197992267293559343e-01
-4.190013293305094311e-01
-4.181731694689882484e-01
-4.173140225063875497e-01
-4.164231536520068278e-01
-4.154998183965307734e-01
-4.145432630713041244e-01
-4.135527252105419271e-01
-4.125274340668893536e-01
-4.114666111977582363e-01
-4.103694708636195787e-01
-4.092352204949911143e-01
-4.080630618782942753e-01
-4.068521920225220412e-01
-4.056018040259067869e-01
-4.043110879869970531e-01
-4.029792319892865904e-01
-4.016054231545384545e-01
-4.001888487412119111e-01
-3.987286973337888507e-01
-3.972241600924685812e-01
-3.956744320646187751e-01
-3.940787135760236981e-01
-3.924362116790313659e-01
-3.907461417027024431e-01
-3.890077288418169466e-01
-3.872202098312293450e-01
-3.853828347000209376e-01
-3.834948685839389415e-01
-3.815555936113878555e-01
-3.795643108692181023e-01
-3.775203424219441550e-01
-3.754230334045149386e-01
-3.732717541581053733e-01
-3.710659024561135388e-01
-3.688049057593011937e-01
-3.664882235299148916e-01
-3.641153495992365818e-01
-3.616858145552570014e-01
-3.591991881823907717e-01
-3.566550819303348496e-01
-3.540531513773758632e-01
-3.513930987381063686e-01
-3.486746753669777710e-01
-3.458976842202198809e-01
-3.430619823635571719e-01
-3.401674834063727615e-01
-3.372141599095045961e-01
-3.342020458027560870e-01
-3.311312386330977353e-01
-3.280019017989909691e-01
-3.248142667153230412e-01
-3.215686348229107039e-01
-3.182653795785749806e-01
-3.149049482481513507e-01
-3.114878635371298166e-01
-3.080147251796616081e-01
-3.044862112347445637e-01
-3.009030793144073512e-01
-2.972661675204601450e-01
-2.935763952702230006e-01
-2.898347638322084641e-01
-2.860423566578007004e-01
-2.822003394908900176e-01
-2.783099602388094396e-01
-2.743725485282454968e-01
-2.703895150696355443e-01
-2.663623506787837214e-01
-2.622926251014123245e-01
-2.581819854824418115e-01
-2.540321544147738364e-01
-2.498449279617065144e-01
-2.456221734295493675e-01
-2.413658267516604894e-01
-2.370778896171321370e-01
-2.327604263066551382e-01
-2.284155603313186844e-01
-2.240454707799765799e-01
-2.196523883737921679e-01
-2.152385914069853967e-01
-2.108064014030852362e-01
-2.063581786143630914e-01
-2.018963173255894084e-01
-1.974232410273390748e-01
-1.929413974893767481e-01
-1.884532536217120302e-01
-1.839612903772880059e-01
-1.794679974867485484e-01
-1.749758681932056248e-01
-1.704873939786799297e-01
-1.660050592974804118e-01
-1.615313363276249248e-01
-1.570686797347508878e-01
-1.526195215761916024e-01
-1.481862663105237565e-01
-1.437712858640138591e-01
-1.393769148955170400e-01
-1.350054462209704098e-01
-1.306591264044198730e-01
-1.263401515530504227e-01
-1.220506633259343804e-01
-1.177927451995186420e-01
-1.135684189329522059e-01
-1.093796413234593284e-01
-1.052283011740429014e-01
-1.011162166095202902e-01
-9.704513260905266170e-02
-9.301671882594451934e-02
-8.903256770997901304e-02
-8.509419288649232305e-02
-8.120302784214715464e-02
-7.736042488271087370e-02
-7.356765433230715023e-02
-6.982590406434673047e-02
-6.613627923229835337e-02
-6.249980227385209391e-02
-5.891741318292397639e-02
-5.538996999260303172e-02
-5.191824947320399647e-02
-4.850294803293574847e-02
-4.514468289473771295e-02
-4.184399327866738377e-02
-3.860134202282593935e-02
-3.541711713211936202e-02
-3.229163357404418039e-02
-2.922513518549551756e-02
-2.621779672945523040e-02
-2.326972599747678325e-02
-2.038096604262129227e-02
-1.755149746096584459e-02
-1.478124079662412708e-02
-1.207005892317480726e-02
-9.417759527785561288e-03
-6.824097577295961357e-03
-4.288777852301527659e-03
-1.811457460421106230e-03
6.082516670891101622e-04
2.970780253741533549e-03
5.276599179815376871e-03
7.526217024600433646e-03
9.720177636396430329e-03
1.185905773304351922e-02
1.394346454824946062e-02
1.597403355146908774e-02
1.795142617749822742e-02
1.987632765598767656e-02
2.174944488259055939e-02
2.357150436088639375e-02
2.534325019565297418e-02
2.706544219993611486e-02
2.873885400073161386e-02
3.036427130426177720e-02
3.194249017651750594e-02
3.347431538069933071e-02
3.496055884927295326e-02
3.640203819627040732e-02
3.779957528926568971e-02
3.915399492820936106e-02
4.046612354507982817e-02
4.173678802288360162e-02
4.296681458126893477e-02
4.415702768711948084e-02
4.530824907755803127e-02
4.642129681625694476e-02
4.749698440248417003e-02
4.853611998562045587e-02
4.953950561714658835e-02
5.050793653177398229e-02
5.144220048963753927e-02
5.234307725032748965e-02
5.321133796226672902e-02
5.404774470474382059e-02
5.485305001468043090e-02
5.562799652164551051e-02
5.637331654817500509e-02
5.708973179890940858e-02
5.777795306916021917e-02
5.843867998955864368e-02
5.907260082899101067e-02
5.968039229892196235e-02
6.026271941045324015e-02
6.082023533693358547e-02
6.135358131265088860e-02
6.186338655372879830e-02
6.235026820400334929e-02
6.281483133779851291e-02
6.325766890857840996e-02
6.367936176976395080e-02
6.408047872052956284e-02
6.446157652106875025e-02
6.482319995504413901e-02
6.516588193089532799e-02
6.549014350681890695e-02
6.579649405868968903e-02
6.608543132030629541e-02
6.635744154576127263e-02
6.661299961491227994e-02
6.685256915966995839e-02
6.707660271804137542e-02
6.728554186874456666e-02
6.747981740051754718e-02
6.765984945089618952e-02
6.782604766580878353e-02
6.797881139108950810e-02
6.811852981958298192e-02
6.824558214935104450e-02
6.836033779183957326e-02
6.846315650094191019e-02
6.855438861308459086e-02
6.863437516935187721e-02
6.870344810699922922e-02
6.876193047594679475e-02
6.881013657894506641e-02
6.884837214365945035e-02
6.887693450308150778e-02
6.889611279953243572e-02
6.890618812066538756e-02
6.890743370902006892e-02
6.890011510635173086e-02
6.888449033404241140e-02
6.886081005824661039e-02
6.882931778140476131e-02
6.879024997408221542e-02
6.874383627342160741e-02
6.869029958583848516e-02
6.862985631600480863e-02
6.856271649174904004e-02
6.848908389173179179e-02
6.840915624667374961e-02
6.832312536148020532e-02
6.823117725124337729e-02
6.813349231749031565e-02
6.803024544255185935e-02
6.792160617691277158e-02
6.780773883774403321e-02
6.768880266433406623e-02
6.756495192633547864e-02
6.743633607086961523e-02
6.730309982799774493e-02
6.716538338696896593e-02
6.702332244340468426e-02
6.687704837138318259e-02
6.672668831503301978e-02
6.657236530649422723e-02
6.641419837694061135e-02
6.625230265927538331e-02
6.608678950331679791e-02
6.591776658959601354e-02
6.574533799735825246e-02
6.556960433085066986e-02
6.539066279009907168e-02
6.520860726111353534e-02
6.502352842552293344e-02
6.483551384522943939e-02
6.464464806094082083e-02
6.445101261853823649e-02
6.425468621895634447e-02
6.405574476259222327e-02
6.385426145200100156e-02
6.365030683908033671e-02
6.344394892082715065e-02
6.323525319623655994e-02
6.302428274818082377e-02
6.281109830030827401e-02
6.259575831280005109e-02
6.237831900041123506e-02
6.215883443239089007e-02
6.193735659631992990e-02
6.171393541476443562e-02
6.148861887017575273e-02
6.126145299517603976e-02
6.103248198496834948e-02
6.080174820566330157e-02
6.056929226921913684e-02
6.033515308895286838e-02
6.009936792117364507e-02
5.986197240265277858e-02
5.962300063389047028e-02
5.938248517078913852e-02
5.914045712179793329e-02
5.889694614652495747e-02
5.865198055288178142e-02
5.840558726655230987e-02
5.815779193646396922e-02
5.790861892923659243e-02
5.765809140134691563e-02
5.740623130329191443e-02
5.715305943648773396e-02
5.689859548518860083e-02
5.664285804146684117e-02
5.638586464823402283e-02
5.612763182838430981e-02
5.586817510699892270e-02
5.560750905991839604e-02
5.534564731235479956e-02
5.508260261521957107e-02
5.481838681320460455e-02
5.455301093776342841e-02
5.428648515992672702e-02
5.401881888328351894e-02
5.375002073565448429e-02
5.348009860101087670e-02
5.320905963335231109e-02
5.293691027613566663e-02
5.266365631917401674e-02
5.238930287643216860e-02
5.211385443321114169e-02
5.183731486418929196e-02
5.155968743897342693e-02
5.128097486234439034e-02
5.100117929923708021e-02
5.072030232061707639e-02
5.043834503254406715e-02
5.015530801788514043e-02
4.987119137517258965e-02
4.958599474358393183e-02
4.929971729739079239e-02
4.901235777093892326e-02
4.872391450028156629e-02
4.843438538570942614e-02
4.814376796113960938e-02
4.785205937329894271e-02
4.755925640254065473e-02
4.726535536014874611e-02
4.697035219380917698e-02
4.667424253063100908e-02
4.637702167159529071e-02
4.607868463735175640e-02
4.577922614185103017e-02
4.547864066173356451e-02
4.517692237110403769e-02
4.487406522757363819e-02
4.457006294034115274e-02
4.426490898962186921e-02
4.395859664330092204e-02
4.365111896387218610e-02
4.334246882231606451e-02
4.303263890920171891e-02
4.272162173607484820e-02
4.240940966321326416e-02
4.209599489823911272e-02
4.178136949750665269e-02
4.146552538553115869e-02
4.114845436470337264e-02
4.083014813333062792e-02
4.051059828702462812e-02
4.018979631592588947e-02
3.986773365050044066e-02
3.954440163378424716e-02
3.921979154913878690e-02
3.889389461608771387e-02
3.856670207774692133e-02
3.823820518278341768e-02
3.790839518957866278e-02
3.757726332598298330e-02
3.724480081429559081e-02
3.691099887820347564e-02
3.657584874972030081e-02
3.623934168306418985e-02
3.590146898102552359e-02
3.556222195888469190e-02
3.522159199992324491e-02
3.487957054432166276e-02
3.453614909748602829e-02
3.419131922310913313e-02
3.384507255427270794e-02
3.349740083785634343e-02
3.314829593314971151e-02
3.279774981601590172e-02
3.244575459138143020e-02
3.209230251821625773e-02
3.173738600120711711e-02
3.138099762128864628e-02
3.102313012870449790e-02
3.066377646104844965e-02
3.030292976685666426e-02
2.994058339172988789e-02
2.957673092135459578e-02
2.921136615652297416e-02
2.884448315615406253e-02
2.847607623313041722e-02
2.810613996262478417e-02
2.773466920846789571e-02
2.736165912869958569e-02
2.698710518111990461e-02
2.661100315937136793e-02
2.623334914714225627e-02
2.585413963751559061e-02
2.547337141500793586e-02
2.509104167491837609e-02
2.470714796087846929e-02
2.432168823979230163e-02
2.393466087685646934e-02
2.354606462862118485e-02
2.315589868601141896e-02
2.276416267710245842e-02
2.237085668516103007e-02
2.197598126668642501e-02
2.157953747083940152e-02
2.118152683111551235e-02
2.078195139726401672e-02
2.038081374500233175e-02
1.997811698017936885e-02
1.957386476236777292e-02
1.916806131180281633e-02
1.876071141770907155e-02
1.835182046328042924e-02
1.794139442429231943e-02
1.752943988020394181e-02
1.711596405717940791e-02
1.670097479478105038e-02
1.628448058205167123e-02
1.586649057971900242e-02
1.544701460631791971e-02
1.502606316455823258e-02
1.460364743993691587e-02
1.417977933404479356e-02
1.375447146179098294e-02
1.332773715695400978e-02
1.289959048605959606e-02
1.247004626364622663e-02
1.203912004948959162e-02
1.160682818052149838e-02
1.117318775140096858e-02
1.073821664504537136e-02
1.030193353124264459e-02
9.864357876365746278e-03
9.425509966964893890e-03
8.985410873685316033e-03
8.544082517880633929e-03
8.101547632755055559e-03
7.657829777241164336e-03
7.212953369306606376e-03
6.766943656810741302e-03
6.319826768852453668e-03
5.871629663034560152e-03
5.422380180974960794e-03
4.972107024714399713e-03
4.520839767818695364e-03
4.068608858154298090e-03
3.615445626214963248e-03
3.161382292060643372e-03
2.706451954215260535e-03
2.250688603544492416e-03
1.794127123255772954e-03
1.336803300000521727e-03
8.787538030574636476e-04
4.200161940470791846e-04
-3.937105919060712044e-05
-4.993685909226995871e-04
-9.599361430745466687e-04
-1.421032536086386027e-03
-1.882615741077841914e-03
-2.344642799356754913e-03
-2.807069859889210327e-03
-3.269852172360642861e-03
-3.732944113543634323e-03
-4.196299188685691760e-03
-4.659869981549213079e-03
-5.123608204371520557e-03
-5.587464710354871598e-03
-6.051389465910882691e-03
-6.515331610335016975e-03
-6.979239436377681315e-03
-7.443060363876429462e-03
-7.906740984164882177e-03
-8.370227023990482393e-03
-8.833463364943392945e-03
-9.296394061497624192e-03
-9.758962349337705830e-03
-1.022111062870534152e-02
-1.068278051158388746e-02
-1.114391278561610403e-02
-1.160444746406419196e-02
-1.206432377470756205e-02
-1.252348016261839274e-02
-1.298185432346832084e-02
-1.343938319936510521e-02
-1.389600298162818430e-02
-1.435164913854425177e-02
-1.480625642785726552e-02
-1.525975888289065989e-02
-1.571208986111960124e-02
-1.616318205666100391e-02
-1.661296744337458983e-02
-1.706137738727297667e-02
-1.750834259933719758e-02
-1.795379317298672825e-02
-1.839765857991615058e-02
-1.883986772283074637e-02
-1.928034890352758532e-02
-1.971902986175333092e-02
-2.015583780018425850e-02
-2.059069940801849449e-02
-2.102354083183266206e-02
-2.145428774774637767e-02
-2.188286535864669355e-02
-2.230919840112699157e-02
-2.273321117185478010e-02
-2.315482755116393329e-02
-2.357397101693247884e-02
-2.399056468344040391e-02
-2.440453128610408848e-02
-2.481579324392635053e-02
-2.522427263590420674e-02
-2.562989125792780251e-02
-2.603257064082153613e-02
-2.643223205450739507e-02
-2.682879653298497410e-02
-2.722218492429151135e-02
-2.761231787384854294e-02
-2.799911587442193914e-02
-2.838249929248970113e-02
-2.876238836824196107e-02
-2.913870326415323939e-02
-2.951136407469689624e-02
-2.988029087908072520e-02
-3.024540371487915644e-02
-3.060662266685109864e-02
-3.096386784473547857e-02
-3.131705940268014049e-02
-3.166611762944748082e-02
-3.201096291649551534e-02
-3.235151580238681407e-02
-3.268769700470740974e-02
-3.301942744365903709e-02
-3.334662826703915089e-02
-3.366922092656875892e-02
-3.398712715013684632e-02
-3.430026897233150879e-02
-3.460856878301220990e-02
-3.491194938282093235e-02
-3.521033395265104476e-02
-3.550364613552624976e-02
-3.579181002133501738e-02
-3.607475020928063020e-02
-3.635239180233006823e-02
-3.662466046272516013e-02
-3.689148242863592858e-02
-3.715278455718173251e-02
-3.740849435635017900e-02
-3.765853999054823847e-02
-3.790285034027673222e-02
-3.814135500629366876e-02
-3.837398435679872238e-02
-3.860066954963769364e-02
-3.882134257532365157e-02
-3.903593626536360633e-02
-3.924438433527965148e-02
-3.944662140542564560e-02
-3.964258304955946971e-02
-3.983220578929191208e-02
-4.001542715931227095e-02
-4.019218570877613333e-02
-4.036242105820430498e-02
-4.052607388421724383e-02
-4.068308598614844146e-02
-4.083340028881998068e-02
-4.097696088556367772e-02
-4.111371304377219732e-02
-4.124360325208353134e-02
-4.136657923425878652e-02
-4.148258995750885719e-02
-4.159158568939335526e-02
-4.169351797839170731e-02
-4.178833970663874825e-02
-4.187600511490473937e-02
-4.195646980537092591e-02
-4.202969074579287340e-02
-4.209562633472607035e-02
-4.215423636683145875e-02
-4.220548205924323087e-02
-4.224932608765107761e-02
-4.228573256825906429e-02
-4.231466708415342753e-02
-4.233609669085369037e-02
-4.234998993157822883e-02
-4.235631683724427193e-02
-4.235504895422347732e-02
-4.234615927495299220e-02
-4.232962235034553461e-02
-4.230541419403265752e-02
-4.227351232954922738e-02
-4.223389577506785758e-02
-4.218654502952112056e-02
-4.213144209619378716e-02
-4.206857042582389655e-02
-4.199791495407278336e-02
-4.191946205017726274e-02
-4.183319952111296675e-02
-4.173911659771655652e-02
-4.163720390970570423e-02
-4.152745346208685379e-02
-4.140985861988965427e-02
-4.128441408735027823e-02
-4.115111585656360677e-02
-4.100996120887100832e-02
-4.086094866212474502e-02
-4.070407796930019390e-02
-4.053935004633135025e-02
-4.036676697349860649e-02
-4.018633189967201619e-02
-3.999804908394465758e-02
-3.980192380403923397e-02
-3.959796232438916180e-02
-3.938617185589298603e-02
-3.916656050595434396e-02
-3.893913724101193824e-02
-3.870391185045728849e-02
-3.846089487724579231e-02
-3.821009759569226477e-02
-3.795153194208199937e-02
-3.768521048969074999e-02
-3.741114637939579185e-02
-3.712935330163479736e-02
-3.683984541869022439e-02
-3.654263733277040432e-02
-3.623774405686618766e-02
-3.592518094952534130e-02
-3.560496368848475174e-02
-3.527710821515927381e-02
-3.494163072215172167e-02
-3.459854759774171756e-02
-3.424787539535455866e-02
-3.388963081413231410e-02
-3.352383067950492207e-02
-3.315049189600571128e-02
-3.276963144033250702e-02
-3.238126634053094949e-02
-3.198541366905559985e-02
-3.158209053721882514e-02
-3.117131407992523515e-02
-3.075310145844722606e-02
-3.032746986875167403e-02
-2.989443654566325756e-02
-2.945401879062003667e-02
-2.900623394391787721e-02
-2.855109947352829289e-02
-2.808863296677177254e-02
-2.761885214974668309e-02
-2.714177494700375712e-02
-2.665741952873057138e-02
-2.616580433295600736e-02
-2.566694814187808413e-02
-2.516087010129286136e-02
-2.464758982051451150e-02
-2.412712740013089538e-02
-2.359950352359696177e-02
-2.306473950303144713e-02
-2.252285737774916904e-02
-2.197387996005772601e-02
-2.141783094072868474e-02
-2.085473495422318288e-02
-2.028461767306088612e-02
-1.970750585361668791e-02
-1.912342746795969370e-02
-1.853241177324215991e-02
-1.793448937137398155e-02
-1.732969232837166737e-02
-1.671805423819616374e-02
-1.609961032683626322e-02
-1.547439751753420904e-02
-1.484245450988907859e-02
-1.420382187838908732e-02
-1.355854214873941470e-02
-1.290665985753669358e-02
-1.224822163969907333e-02
-1.158327629091626502e-02
-1.091187484536515311e-02
-1.023407063677206179e-02
-9.549919348372791147e-03
-8.859479073974883476e-03
-8.162810397061013787e-03
-7.459976365808972630e-03
-6.751042624930646795e-03
-6.036077386528670118e-03
-5.315151513363146861e-03
-4.588338524402767703e-03
-3.855714619804828224e-03
-3.117358704507466449e-03
-2.373352400719674470e-03
-1.623780068737978649e-03
-8.687288291508997755e-04
-1.082885184300330514e-04
6.574482819265979909e-04
1.428386255108992980e-03
2.204427376750750078e-03
2.985470912153509026e-03
3.771413450981419679e-03
4.562148932241160380e-03
5.357568685915302907e-03
6.157561398267840345e-03
6.962013168743118839e-03
7.770807594620342783e-03
8.583825836239176651e-03
9.400946680837572386e-03
1.022204655087843687e-02
1.104699959980637129e-02
1.187567775506881244e-02
1.270795076807606887e-02
1.354368631550917183e-02
1.438275005344324779e-02
1.522500566591977571e-02
1.607031500372446339e-02
1.691853811491838763e-02
1.776953332255359549e-02
1.862315733708319251e-02
1.947926532713805878e-02
2.033771104165138163e-02
2.119834683067533740e-02
2.206102380358787238e-02
2.292559189154274799e-02
2.379189995016517054e-02
2.465979586224742101e-02
2.552912663489336972e-02
2.639973854523524829e-02
2.727147720704703113e-02
2.814418763180670177e-02
2.901771432445298879e-02
2.989190140828545603e-02
3.076659271100678703e-02
3.164163187574508401e-02
3.251686242766726326e-02
3.339212795300249698e-02
3.426727208516443940e-02
3.514213867961134968e-02
3.601657190960282778e-02
3.689041632171096569e-02
3.776351698431267695e-02
3.863571953754973282e-02
3.950687030712662223e-02
4.037681637925060602e-02
4.124540569916401028e-02
4.211248716412540477e-02
4.297791073998302042e-02
4.384152750974700669e-02
4.470318978183617648e-02
4.556275118028362686e-02
4.642006671412567814e-02
4.727499286483193702e-02
4.812738768206203249e-02
4.897711082668675803e-02
4.982402365266701966e-02
5.066798928338166891e-02
5.150887268795533575e-02
5.234654072566734956e-02
5.318086223476958113e-02
5.401170806856869094e-02
5.483895118563174992e-02
5.566246668309293016e-02
5.648213186049132889e-02
5.729782627250656207e-02
5.810943176781657032e-02
5.891683254877210646e-02
5.971991521858121404e-02
6.051856880767702423e-02
6.131268481396334041e-02
6.210215725416245308e-02
6.288688268463181463e-02
6.366676024577298809e-02
6.444169166619494182e-02
6.521158131822522852e-02
6.597633621790997827e-02
6.673586603889168634e-02
6.749008320677817030e-02
6.823890282836585219e-02
6.898224272910978561e-02
6.972002347116477983e-02
7.045216835199762107e-02
7.117860342659153294e-02
7.189925748385393722e-02
7.261406206465757796e-02
7.332295145628940636e-02
7.402586269383835960e-02
7.472273554909313054e-02
7.541351253609328287e-02
7.609813888476145427e-02
7.677656251869889592e-02
7.744873407600215420e-02
7.811460689260972534e-02
7.877413693985201026e-02
7.942728282306353582e-02
8.007400577603183967e-02
8.071426964711968244e-02
8.134804085485612679e-02
8.197528836573207689e-02
8.259598368448582695e-02
8.321010080414302512e-02
8.381761619075110692e-02
8.441850875562371959e-02
8.501275980121734965e-02
8.560035299892686245e-02
8.618127438630994452e-02
8.675551228659593439e-02
8.732305720043907760e-02
8.788390177955072990e-02
8.843804087110827827e-02
8.898547145252953816e-02
8.952619261759496572e-02
9.006020551677317021e-02
9.058751332807755963e-02
9.110812123763743775e-02
9.162203634532904706e-02
9.212926766755112629e-02
9.262982609142821067e-02
9.312372431652392313e-02
9.361097681043205332e-02
9.409159980461322126e-02
9.456561119586258390e-02
9.503303054075872003e-02
9.549387899737692142e-02
9.594817930030917486e-02
9.639595570931634716e-02
9.683723394549036134e-02
9.727204117321307242e-02
9.770040597933958570e-02
9.812235825662483923e-02
9.853792922037694912e-02
9.894715137653829762e-02
9.935005843286769112e-02
9.974668529894036018e-02
1.001370680209223568e-01
1.005212437385494123e-01
1.008992506643102555e-01
1.012711280348743553e-01
1.016369160458663184e-01
1.019966558726825706e-01
1.023503895733468422e-01
1.026981600663057076e-01
1.030400111151630188e-01
1.033759872648420813e-01
1.037061338041156272e-01
1.040304967656058149e-01
1.043491228425175027e-01
1.046620593928015847e-01
1.049693543711538307e-01
1.052710563193004351e-01
1.055672143118746437e-01
1.058578779564167544e-01
1.061430973198218414e-01
1.064229229089108525e-01
1.066974056829206180e-01
1.069665969397059907e-01
1.072305483698632184e-01
1.074893119956676774e-01
1.077429401266649517e-01
1.079914853582830542e-01
1.082350005301990631e-01
1.084735386902568738e-01
1.087071531194472168e-01
1.089358972333753645e-01
1.091598246030778124e-01
1.093789889355933770e-01
1.095934440323298315e-01
1.098032437849005699e-01
1.100084421487568104e-01
1.102090931376364796e-01
1.104052507791552923e-01
1.105969690981534054e-01
1.107843020903276215e-01
1.109673037069658225e-01
1.111460278396814022e-01
1.113205283106988158e-01
1.114908588562002340e-01
1.116570730687327234e-01
1.118192244381477213e-01
1.119773663085798926e-01
1.121315518659571214e-01
1.122818341296738381e-01
1.124282659276110014e-01
1.125708999030749918e-01
1.127097884801031430e-01
1.128449838710965242e-01
1.129765380462888075e-01
1.131045026282750804e-01
1.132289287962551100e-01
1.133498674421584557e-01
1.134673691678689117e-01
1.135814842775917238e-01
1.136922627882619302e-01
1.137997543976254494e-01
1.139040084870146380e-01
1.140050741123277284e-01
1.141029999984777138e-01
1.141978345310656756e-01
1.142896257466663318e-01
1.143784213265830324e-01
1.144642686030927642e-01
1.145472145469561415e-01
1.146273057493762820e-01
1.147045884448971570e-01
1.147791084739335637e-01
1.148509113070572546e-01
1.149200420297313702e-01
1.149865453381471031e-01
1.150504655322848041e-01
1.151118465263223228e-01
1.151707318333694413e-01
1.152271645619984269e-01
1.152811874280401522e-01
1.153328427441757537e-01
1.153821724123038489e-01
1.154292179304794302e-01
1.154740203873627497e-01
1.155166204649948763e-01
1.155570584346343604e-01
1.155953741567572329e-01
1.156316070803631163e-01
1.156657962492202291e-01
1.156979802900692661e-01
1.157281974160928456e-01
1.157564854352421818e-01
1.157828817405226335e-01
1.158074233106875933e-01
1.158301467150957137e-01
1.158510881109353491e-01
1.158702832307345471e-01
1.158877674115044026e-01
1.159035755871062751e-01
1.159177422722923317e-01
1.159303015897672345e-01
1.159412872563103519e-01
1.159507325695918606e-01
1.159586704296833165e-01
1.159651333369759868e-01
1.159701533880175134e-01
1.159737622880019220e-01
1.159759913459123964e-01
1.159768714807662832e-01
1.159764332202273124e-01
1.159747067019933769e-01
1.159717216744904217e-01
1.159675075079746737e-01
1.159620931848181907e-01
1.159555073092233130e-01
1.159477781002837687e-01
1.159389333996174581e-01
1.159290006623458907e-01
1.159180069654208584e-01
1.159059790159511077e-01
1.158929431588351239e-01
1.158789253608016739e-01
1.158639512333081573e-01
1.158480460283772689e-01
1.158312346365153317e-01
1.158135415929573003e-01
1.157949910825239875e-01
1.157756069361526169e-01
1.157554126302029335e-01
1.157344313024166599e-01
1.157126857408152659e-01
1.156901983961899777e-01
1.156669913737751049e-01
1.156430864568402800e-01
1.156185050719959889e-01
1.155932683259697086e-01
1.155673969993609024e-01
1.155409115403960157e-01
1.155138320649284761e-01
1.154861783786431534e-01
1.154579699631785722e-01
1.154292259816780269e-01
1.153999652787895819e-01
1.153702063980133058e-01
1.153399675608845903e-01
1.153092666884847212e-01
1.152781213875630900e-01
1.152465489755172129e-01
1.152145664616577164e-01
1.151821905583105682e-01
1.151494376856743024e-01
1.151163239676566835e-01
1.150828652339563746e-01
1.150490770290834991e-01
1.150149746220740926e-01
1.149805729808161953e-01
1.149458868039687637e-01
1.149109305119411090e-01
1.148757182434234497e-01
1.148402638664891423e-01
1.148045809785946808e-01
1.147686829031102501e-01
1.147325827073608501e-01
1.146962931783401668e-01
1.146598268546294846e-01
1.146231960083565621e-01
1.145864126583795300e-01
1.145494885758380071e-01
1.145124352779080951e-01
1.144752640382107195e-01
1.144379858833421831e-01
1.144006115928741657e-01
1.143631516965781664e-01
1.143256164931605173e-01
1.142880160343029278e-01
1.142503601322952672e-01
1.142126583593416761e-01
1.141749200649078005e-01
1.141371543507407743e-01
1.140993701055636883e-01
1.140615759877283558e-01
1.140237804349297640e-01
1.139859916607366269e-01
1.139482176559791643e-01
1.139104661984635530e-01
1.138727448522780378e-01
1.138350609691807097e-01
1.137974216885995066e-01
1.137598339369383232e-01
1.137223044518631404e-01
1.136848397483014445e-01
1.136474461517489182e-01
1.136101298766789419e-01
1.135728969675619954e-01
1.135357532787428653e-01
1.134987044598689682e-01
1.134617559676864701e-01
1.134249130674280653e-01
1.133881808286496401e-01
1.133515641418836178e-01
1.133150676894956049e-01
1.132786959796849707e-01
1.132424533360765068e-01
1.132063438886998646e-01
1.131703715948062378e-01
1.131345402326233568e-01
1.130988533951104852e-01
1.130633145066117645e-01
1.130279268055089797e-01
1.129926933511604531e-01
1.129576170377788319e-01
1.129227005798594113e-01
1.128879465295273693e-01
1.128533572682110936e-01
1.128189349948460624e-01
1.127846817529365303e-01
1.127505994173716303e-01
1.127166896965070414e-01
1.126829541411855512e-01
1.126493941294714890e-01
1.126160108798346243e-01
1.125828054560073926e-01
1.125497787732298999e-01
1.125169315857599134e-01
1.124842644785461893e-01
1.124517779178823979e-01
1.124194722403048935e-01
1.123873478121872743e-01
1.123554048812480527e-01
1.123236435432439645e-01
1.122920637509905312e-01
1.122606653129742810e-01
1.122294478912710808e-01
1.121984110091789194e-01
1.121675540366462304e-01
1.121368762124763524e-01
1.121063766332252992e-01
1.120760542504262020e-01
1.120459078796098712e-01
1.120159361905903456e-01
1.119861377116282281e-01
1.119565108440023632e-01
1.119270538481320493e-01
1.118977648491281535e-01
1.118686418409564481e-01
1.118396826829681640e-01
1.118108851137777776e-01
1.117822467540385695e-01
1.117537650800748267e-01
1.117254374426168567e-01
1.116972610806787752e-01
1.116692330827007001e-01
1.116413504274882257e-01
1.116136099633957407e-01
1.115860084159592119e-01
1.115585423844267371e-01
1.115312083556363326e-01
1.115040026873625884e-01
1.114769216312150174e-01
1.114499613152908214e-01
1.114231177497260056e-01
1.113963868426548348e-01
1.113697643773114837e-01
1.113432460390917228e-01
1.113168274030629096e-01
1.112905039367395460e-01
1.112642710049405043e-01
1.112381238829729252e-01
1.112120577378972047e-01
1.111860676396292241e-01
1.111601485734303590e-01
1.111342954336624750e-01
1.111085030390534939e-01
1.110827661292279472e-01
1.110570793577680820e-01
1.110314373137244320e-01
1.110058344952480208e-01
1.109802653546931722e-01
1.109547242625352620e-01
1.109292055240240632e-01
1.109037034020820961e-01
1.108782120957940570e-01
1.108527257556723850e-01
1.108272384871267086e-01
1.108017443580966294e-01
1.107762373969700537e-01
1.107507116050732016e-01
1.107251609497317130e-01
1.106995793767606567e-01
1.106739608187912033e-01
1.106482991938828458e-01
1.106225884187072989e-01
1.105968223905073738e-01
1.105709950259547852e-01
1.105451002313129066e-01
1.105191319288045676e-01
1.104930840385709295e-01
1.104669504425892373e-01
1.104407250270000723e-01
1.104144017119445959e-01
1.103879744480951025e-01
1.103614372215122458e-01
1.103347840876456182e-01
1.103080091671704149e-01
1.102811066501507703e-01
1.102540707703658501e-01
1.102268958164120821e-01
1.101995761455809436e-01
1.101721061658178374e-01
1.101444803690287827e-01
1.101166933033248391e-01
1.100887395973082356e-01
1.100606139510518083e-01
1.100323111409562266e-01
1.100038260253011074e-01
1.099751535463266844e-01
1.099462887239888026e-01
1.099172266788572688e-01
1.098879626022786077e-01
1.098584917834377478e-01
1.098288095940924552e-01
1.097989114986347298e-01
1.097687930558255281e-01
1.097384499125497598e-01
1.097078778052040654e-01
1.096770725652479322e-01
1.096460301164281365e-01
1.096147464695745727e-01
1.095832177312738714e-01
1.095514400934610583e-01
1.095194098417462264e-01
1.094871233474348088e-01
1.094545770741195273e-01
1.094217675735170564e-01
1.093886914833863550e-01
1.093553455254469980e-01
1.093217265064200111e-01
1.092878313152523123e-01
1.092536569224228232e-01
1.092192003740444090e-01
1.091844587963741592e-01
1.091494293895683837e-01
1.091141094308051146e-01
1.090784962680391018e-01
1.090425873186140343e-01
1.090063800682217060e-01
1.089698720715959052e-01
1.089330609473082440e-01
1.088959443715231540e-01
1.088585200897940058e-01
1.088207858990219851e-01
1.087827396571705435e-01
1.087443792745917820e-01
1.087057027223531230e-01
1.086667080145431313e-01
1.086273932211084675e-01
1.085877564553638791e-01
1.085477958746860899e-01
1.085075096846771364e-01
1.084668961245926905e-01
1.084259534780973450e-01
1.083846800663257198e-01
1.083430742451069045e-01
1.083011344056583475e-01
1.082588589707694643e-01
1.082162463937608038e-01
1.081732951605657161e-01
1.081300037834853484e-01
1.080863708032703124e-01
1.080423947922431877e-01
1.079980743425024009e-01
1.079534080721672312e-01
1.079083946153164136e-01
1.078630326337842588e-01
1.078173208005073075e-01
1.077712578116673953e-01
1.077248423762833113e-01
1.076780732224558029e-01
1.076309490883470138e-01
1.075834687308541010e-01
1.075356309197111754e-01
1.074874344361015227e-01
1.074388780757801060e-01
1.073899606435224502e-01
1.073406809562471448e-01
1.072910378426688988e-01
1.072410301387882597e-01
1.071906566930957844e-01
1.071399163644903701e-01
1.070888080160342509e-01
1.070373305229327249e-01
1.069854827690647076e-01
1.069332636521869023e-01
1.068806720686682338e-01
1.068277069322248612e-01
1.067743671603893357e-01
1.067206516804086597e-01
1.066665594292442870e-01
1.066120893535721231e-01
1.065572404070069673e-01
1.065020115528780703e-01
1.064464017697802495e-01
1.063904100373491562e-01
1.063340353511798980e-01
1.062772767151942549e-01
1.062201331447631819e-01
1.061626036583801364e-01
1.061046872936205338e-01
1.060463830977742411e-01
1.059876901344375261e-01
1.059286074720638821e-01
1.058691341936784797e-01
1.058092693885514940e-01
1.057490121598308880e-01
1.056883616186443525e-01
1.056273168886095876e-01
1.055658771054873574e-01
1.055040414102425966e-01
1.054418089584119173e-01
1.053791789138586038e-01
1.053161504532828946e-01
1.052527227662219816e-01
1.051888950463763933e-01
1.051246665027122246e-01
1.050600363535630771e-01
1.049950038290586724e-01
1.049295681645329020e-01
1.048637286112791139e-01
1.047974844278764944e-01
1.047308348885167412e-01
1.046637792684323859e-01
1.045963168622848632e-01
1.045284469789603404e-01
1.044601689492025004e-01
1.043914821172858692e-01
1.043223858430974843e-01
1.042528794927693875e-01
1.041829624452705744e-01
1.041126340885906026e-01
1.040418938232090390e-01
1.039707410579321228e-01
1.038991752203011071e-01
1.038271957555514241e-01
1.037548021269596304e-01
1.036819938165372962e-01
1.036087703153165535e-01
1.035351311320237139e-01
1.034610757941201026e-01
1.033866038412101090e-01
1.033117148354495279e-01
1.032364083566883334e-01
1.031606840059401259e-01
1.030845414074638006e-01
1.030079802032124320e-01
1.029310000632416150e-01
1.028536006825869625e-01
1.027757817826518844e-01
1.026975431108606424e-01
1.026188844430869634e-01
1.025398055923276569e-01
1.024603064003759417e-01
1.023803867468420087e-01
1.023000465494999650e-01
1.022192857663695026e-01
1.021381043981445108e-01
1.020565024916625235e-01
1.019744801414659702e-01
1.018920374932716227e-01
1.018091747470930980e-01
1.017258921608837768e-01
1.016421900531388894e-01
1.015580688056710729e-01
1.014735288700288479e-01
1.013885707680170362e-01
1.013031950996764879e-01
1.012174025444983888e-01
1.011311938661080129e-01
1.010445699176423656e-01
1.009575316495564395e-01
1.008700801099701588e-01
1.007822164503929668e-01
1.006939419371730010e-01
1.006052579509766759e-01
1.005161659949418834e-01
1.004266677017903592e-01
1.003367648414604657e-01
1.002464593250970565e-01
1.001557532156332891e-01
1.000646487472195284e-01
9.997314831915181388e-02
9.988125450836186914e-02
9.978897007149876985e-02
9.969629795568422936e-02
9.960324130631885431e-02
9.950980347957215366e-02
9.941598804793365385e-02
9.932179881565193769e-02
9.922723982584701063e-02
9.913231537005127991e-02
9.903703000503637222e-02
9.894138855871119353e-02
9.884539614625485748e-02
9.874905818139238789e-02
9.865238039148681304e-02
9.855536882725361714e-02
9.845802988201617090e-02
9.836037030072629361e-02
9.826239719956662844e-02
9.816411808121620897e-02
9.806554084907519175e-02
9.796667382513250810e-02
9.786752576922129465e-02
9.776810589393751527e-02
9.766842388528317043e-02
9.756848991914617020e-02
9.746831468662729703e-02
9.736790941208132988e-02
9.726728586890302786e-02
9.716645641352771035e-02
9.706543399792126603e-02
9.696423219698878382e-02
9.686286523164637507e-02
9.676134799657674923e-02
9.665969609023992992e-02
9.655792583950632835e-02
9.645605432082036967e-02
9.635409939420107317e-02
9.625207972960984903e-02
9.615001483644079749e-02
9.604792509942948475e-02
9.594583180710240800e-02
9.584375718508368613e-02
9.574172443529981036e-02
9.563975776338827506e-02
9.553788242380038820e-02
9.543612475172018328e-02
9.533451220313653163e-02
9.523307339595608878e-02
9.513183815094276852e-02
9.503083753404499567e-02
9.493010390253935060e-02
9.482967094406184738e-02
9.472957372795574871e-02
9.462984874916006983e-02
9.453053397712878059e-02
9.443166890639799471e-02
9.433329460489801865e-02
9.423545377041860072e-02
9.413819078213021829e-02
9.404155175583502058e-02
9.394558459939124362e-02
9.385033907152033616e-02
9.375586684009366845e-02
9.366222154111313036e-02
9.356945884185506601e-02
9.347763650201927621e-02
9.338681443661274451e-02
9.329705478160892074e-02
9.320842195926005991e-02
9.312098274592491010e-02
9.303480633677389811e-02
9.294996443113752449e-02
9.286653130657905597e-02
9.278458386772699129e-02
9.270420171861303016e-02
9.262546722902524621e-02
9.254846560753994533e-02
9.247328497073713238e-02
9.240001641597216098e-02
9.232875408946362994e-02
9.225959525672315642e-02
9.219264037133716172e-02
9.212799314426907415e-02
9.206576060630937419e-02
9.200605317876557609e-02
9.194898473183567289e-02
9.189467264870616880e-02
9.184323787993566024e-02
9.179480500191501691e-02
9.174950226622026472e-02
9.170746164974609427e-02
9.166881889373713899e-02
9.163371354620196418e-02
9.160228899218399168e-02
9.157469248160381159e-02
9.155107514851461292e-02
9.153159202437281816e-02
9.151640204137742596e-02
9.150566803559251339e-02
9.149955676767718149e-02
9.149823887995114924e-02
9.150188884196780448e-02
9.151068490528128929e-02
9.152480904251433791e-02
9.154444687593103758e-02
9.156978758887919512e-02
9.160102382374522845e-02
9.163835156256182335e-02
9.168196999044182782e-02
9.173208134144807124e-02
9.178889072425365503e-02
9.185260592837334037e-02
9.192343720910120530e-02
9.200159705028720936e-02
9.208729990451898495e-02
9.218076190979812568e-02
9.228220058158340122e-02
9.239183447785902226e-02
9.250988283983004046e-02
9.263656520980613485e-02
9.277210101998541181e-02
9.291670914819172289e-02
9.307060744945595820e-02
9.323401225999355946e-02
9.340713787288432157e-02
9.359019598770972059e-02
9.378339513156727647e-02
9.398694005402062623e-02
9.420103109318826717e-02
9.442586351887963247e-02
9.466162685098973573e-02
9.490850415558087227e-02
9.516667132037540111e-02
9.543629631153514870e-02
9.571753841101729443e-02
9.601054744077357206e-02
9.631546297559233361e-02
9.663241354690658980e-02
9.696151584121213973e-02
9.730287389652808594e-02
9.765657830018821539e-02
9.802270539334963229e-02
9.840131648563468780e-02
9.879245708410937243e-02
9.919615614162019535e-02
9.961242532916446402e-02
1.000412583375691333e-01
1.004826302132056509e-01
1.009364967330611679e-01
1.014027938241483240e-01
1.018814370329834129e-01
1.023723210517900467e-01
1.028753193013523665e-01
1.033902835615623100e-01
1.039170436737627545e-01
1.044554073552404899e-01
1.050051600682763570e-01
1.055660649669108164e-01
1.061378629254802614e-01
1.067202726544747571e-01
1.073129909043030739e-01
1.079156927606943761e-01
1.085280320264458143e-01
1.091496416939611996e-01
1.097801345073014107e-01
1.104191036144404198e-01
1.110661233080789539e-01
1.117207498484238393e-01
1.123825223674126128e-01
1.130509638547737145e-01
1.137255822147332923e-01
1.144058713924145237e-01
1.150913125625135092e-01
1.157813753743536789e-01
1.164755192485915913e-01
1.171731947152525183e-01
1.178738447894962654e-01
1.185769063750952007e-01
1.192818116884687557e-01
1.199879896955115127e-01
1.206948675562709156e-01
1.214018720594768480e-01
1.221084310547293356e-01
1.228139748599664377e-01
1.235179376469011520e-01
1.242197587902025974e-01
1.249188841796408517e-01
1.256147674825319471e-01
1.263068713550085931e-01
1.269946685994275959e-01
1.276776432618427215e-01
1.283552916529761834e-01
1.290271233102962822e-01
1.296926618781293616e-01
1.303514459125715008e-01
1.310030296156234897e-01
1.316469834795538640e-01
1.322828948600515420e-01
1.329103684655913165e-01
1.335290267677826936e-01
1.341385103310540894e-01
1.347384780692184314e-01
1.353286074188587707e-01
1.359085944473148178e-01
1.364781538834742847e-01
1.370370191283546979e-01
1.375849422283886569e-01
1.381216936205062196e-01
1.386470618928297982e-01
1.391608535105878508e-01
1.396628924886858247e-01
1.401530200220365840e-01
1.406310940669716347e-01
1.410969888874374634e-01
1.415505945703137980e-01
1.419918164899044710e-01
1.424205747717343928e-01
1.428368037209581665e-01
1.432404512313397993e-01
1.436314781803546270e-01
1.440098578069440027e-01
1.443755750811167859e-01
1.447286260660915203e-01
1.450690172814794454e-01
1.453967650558856961e-01
1.457118948996332930e-01
1.460144408818239425e-01
1.463044449754799248e-01
1.465819564274925269e-01
1.468470311452238219e-01
1.470997310879656739e-01
1.473401236804297298e-01
1.475682812295333879e-01
1.477842803581860542e-01
1.479882014609329166e-01
1.481801281689662242e-01
1.483601468340450535e-01
1.485283460328848115e-01
1.486848160861184154e-01
1.488296485958190141e-01
1.489629360067884212e-01
1.490847711786008334e-01
1.491952469845347629e-01
1.492944559262909532e-01
1.493824897624146109e-01
1.494594391662079358e-01
1.495253933945714098e-01
1.495804399759270431e-01
1.496246644241624735e-01
1.496581499550036776e-01
1.496809772369086800e-01
1.496932241511552963e-01
1.496949655668474988e-01
1.496862731393405477e-01
1.496672151220234948e-01
1.496378561890304437e-01
1.495982572853604420e-01
1.495484754809872363e-01
1.494885638466530720e-01
1.494185713426729178e-01
1.493385427226573137e-01
1.492485184505925877e-01
1.491485346276355262e-01
1.490386229496126480e-01
1.489188106506416920e-01
1.487891204837027137e-01
1.486495707005152933e-01
1.485001750529263143e-01
1.483409428015835807e-01
1.481718787284258265e-01
1.479929831862958067e-01
1.478042521343286564e-01
1.476056771993611016e-01
1.473972457421978965e-01
1.471789409422663286e-01
1.469507418892096184e-01
1.467126236890519964e-01
1.464645575707107239e-01
1.462065110285903635e-01
1.459384479457481454e-01
1.456603287538354718e-01
1.453721105871413621e-01
1.450737474564117446e-01
1.447651904375873710e-01
1.444463878539497814e-01
1.441172854870636788e-01
1.437778267956990319e-01
1.434279531364879012e-01
1.430676040057448917e-01
1.426967172851039967e-01
1.423152294965229492e-01
1.419230760732470287e-01
1.415201916394464854e-01
1.411065103040786972e-01
1.406819659429542069e-01
1.402464925245177907e-01
1.398000244141189563e-01
1.393424967150585780e-01
1.388738455797982885e-01
1.383940085749462978e-01
1.379029250216101399e-01
1.374005363482394271e-01
1.368867864681016788e-01
1.363616221338598000e-01
1.358249933240684715e-01
1.352768536230785912e-01
1.347171605995539367e-01
1.341458761943553346e-01
1.335629671198740043e-01
1.329684052440993358e-01
1.323621679805847273e-01
1.317442386881278737e-01
1.311146070520629869e-01
1.304732694825533057e-01
1.298202294872096985e-01
1.291554980586278878e-01
1.284790940577623386e-01
1.277910445806468009e-01
1.270913852990940007e-01
1.263801608086811690e-01
1.256574249649394515e-01
1.249232412053185998e-01
1.241776828548451922e-01
1.234208334227604315e-01
1.226527868776472324e-01
1.218736479003529188e-01
1.210835321202585607e-01
1.202825663380174687e-01
1.194708887125583846e-01
1.186486489279658801e-01
1.178160083461360225e-01
1.169731401077372807e-01
1.161202292283142062e-01
1.152574726420024648e-01
1.143850792417744205e-01
1.135032698908883114e-01
1.126122773864590559e-01
1.117123463924979271e-01
1.108037333462374846e-01
1.098867063200475863e-01
1.089615448646163859e-01
1.080285397962732347e-01
1.070879929815360260e-01
1.061402170508818216e-01
1.051855351080071971e-01
1.042242803804549339e-01
1.032567958671182090e-01
1.022834339187844582e-01
1.013045558141689589e-01
1.003205312894578233e-01
9.933173804807514384e-02
9.833856122500038432e-02
9.734139285490216176e-02
9.634063127574031549e-02
9.533668053965381473e-02
9.432994978707252842e-02
9.332085260625731793e-02
9.230980636404371997e-02
9.129723154456535761e-02
9.028355104252759611e-02
8.926918946931815257e-02
8.825457244211741548e-02
8.724012586676375969e-02
8.622627521645552517e-02
8.521344480594271464e-02
8.420205707473925327e-02
8.319253186409024392e-02
8.218528570712312076e-02
8.118073113218270132e-02
8.017927596234984688e-02
7.918132263855236219e-02
7.818726756349257678e-02
7.719750044904437336e-02
7.621240369869163034e-02
7.523235180627306506e-02
7.425771077033958834e-02
7.328883755465530336e-02
7.232607955008628353e-02
7.136977409893939528e-02
7.042024801826028690e-02
6.947781717135669000e-02
6.854278607436313508e-02
6.761544753784708151e-02
6.669608232298672446e-02
6.578495885083134043e-02
6.488233294764388093e-02
6.398844761487663957e-02
6.310353285222945752e-02
6.222780549597350247e-02
6.136146911556172173e-02
6.050471392446409719e-02
5.965771674061592228e-02
5.882064097288696586e-02
5.799363665195955003e-02
5.717684047404358177e-02
5.637037589906190166e-02
5.557435326271342041e-02
5.478886992253683558e-02
5.401401043415853670e-02
5.324984675217358382e-02
5.249643845461892527e-02
5.175383299832469336e-02
5.102206597148994244e-02
5.030116141876982833e-02
4.959113211258635995e-02
4.889197991048143538e-02
4.820369608055096594e-02
4.752626167059403189e-02
4.685964785922091397e-02
4.620381635067615650e-02
4.555871975647773214e-02
4.492430198885232623e-02
4.430049865139506354e-02
4.368723746997481977e-02
4.308443866812838169e-02
4.249201540212909495e-02
4.190987414193213939e-02
4.133791509999817232e-02
4.077603262542250223e-02
4.022411561124816098e-02
3.968204788096229424e-02
3.914970857846199886e-02
3.862697255732627094e-02
3.811371075135294023e-02
3.760979054232004709e-02
3.711507611248165278e-02
3.662942880261476492e-02
3.615270744022901911e-02
3.568476866014357735e-02
3.522546723547236719e-02
3.477465637460874087e-02
3.433218799878123145e-02
3.389791304181376946e-02
3.347168169229308016e-02
3.305334367528777600e-02
3.264274846467851016e-02
3.223974554128482967e-02
3.184418458229697907e-02
3.145591567568772201e-02
3.107478951519526342e-02
3.070065757448947261e-02
3.033337226954202145e-02
2.997278712793538177e-02
2.961875691584458722e-02
2.927113777265177505e-02
2.892978735458128989e-02
2.859456490963973793e-02
2.826533141153663928e-02
2.794194962144058367e-02
2.762428419761375417e-02
2.731220174259640573e-02
2.700557089063692837e-02
2.670426235210076812e-02
2.640814896065490566e-02
2.611710571628899843e-02
2.583100981723429265e-02
2.554974067800474744e-02
2.527317995992816799e-02
2.500121157045231621e-02
2.473372168951270753e-02
2.447059875773649126e-02
2.421173348546301271e-02
2.395701883678435715e-02
2.370635003023923923e-02
2.345962451660854250e-02
2.321674196711919977e-02
2.297760425748473709e-02
2.274211543390469367e-02
2.251018169710516589e-02
2.228171136348100143e-02
2.205661484427911753e-02
2.183480461506736789e-02
2.161619517687673672e-02
2.140070302358853746e-02
2.118824661001550078e-02
2.097874630957452177e-02
2.077212438028607985e-02
2.056830492799810103e-02
2.036721386891593086e-02
2.016877887894840890e-02
1.997292937289118706e-02
1.977959645585447221e-02
1.958871288093577342e-02
1.940021302493377328e-02
1.921403282936772969e-02
1.903010978035468356e-02
1.884838286558831663e-02
1.866879248413333067e-02
1.849128033123980872e-02
1.831578945801770261e-02
1.814226426657960731e-02
1.797065047673407009e-02
1.780089507671944390e-02
1.763294630655054193e-02
1.746675361291582726e-02
1.730226762142183725e-02
1.713944010536816095e-02
1.697822395799186354e-02
1.681857315499745917e-02
1.666044274553634894e-02
1.650378885081904209e-02
1.634856865787015154e-02
1.619474032377165792e-02
1.604226297705068846e-02
1.589109665522947176e-02
1.574120230204978030e-02
1.559254173694179894e-02
1.544507764114633024e-02
1.529877352302033526e-02
1.515359370485302830e-02
1.500950330621253319e-02
1.486646820716974564e-02
1.472445504205332871e-02
1.458343118140858867e-02
1.444336470146634181e-02
1.430422438275513568e-02
1.416597967957011588e-02
1.402860071997302609e-02
1.389205826346495525e-02
1.375632370168022693e-02
1.362136905838639937e-02
1.348716695409590653e-02
1.335369062271940348e-02
1.322091387409573930e-02
1.308881108774695261e-02
1.295735717679602321e-02
1.282652760600799628e-02
1.269629835431995528e-02
1.256664591761657949e-02
1.243754729068901992e-02
1.230897995890822653e-02
1.218092189336772262e-02
1.205335153908748506e-02
1.192624778656447941e-02
1.179958997593599616e-02
1.167335788518353117e-02
1.154753171347944023e-02
1.142209210061584206e-02
1.129702009577959569e-02
1.117229716310341563e-02
1.104790516986975217e-02
1.092382637332689303e-02
1.080004342901563601e-02
1.067653936370760274e-02
1.055329759969136742e-02
1.043030198669136870e-02
1.030753676786732957e-02
1.018498654511978789e-02
1.006263627770231754e-02
9.940471273894855783e-03
9.818477189615924458e-03
9.696640020789846701e-03
9.574946104734525718e-03
9.453382113222550884e-03
9.331935053868976523e-03
9.210592263886317396e-03
9.089341407308991136e-03
8.968170477768875812e-03
8.847067797801420538e-03
8.726022032029543893e-03
8.605022157326390128e-03
8.484057493346462350e-03
8.363117669218931780e-03
8.242192645058208852e-03
8.121272718208947736e-03
8.000348501735475223e-03
7.879410959116260257e-03
7.758451363998330151e-03
7.637461346687856277e-03
7.516432878884592682e-03
7.395358276457430179e-03
7.274230210546627461e-03
7.153041715196594395e-03
7.031786185274223853e-03
6.910457377162781099e-03
6.789049431660253674e-03
6.667556880224355907e-03
6.545974666483100023e-03
6.424298143459238573e-03
6.302523086754162861e-03
6.180645716058474036e-03
6.058662705560323956e-03
5.936571197129313603e-03
5.814368903706012247e-03
5.692054302203207981e-03
5.569626435053542067e-03
5.447084912291177104e-03
5.324429901837345568e-03
5.201662155174257250e-03
5.078783025386223414e-03
4.955794502548015699e-03
4.832699222051538811e-03
4.709500504157525767e-03
4.586202369954993883e-03
4.462809580912940020e-03
4.339327670105363154e-03
4.215762965109614256e-03
4.092122626170312770e-03
3.968414687832710029e-03
3.844648089473822871e-03
3.720832700976339346e-03
3.596979396974786091e-03
3.473100072121093184e-03
3.349207695207967028e-03
3.225316341781691697e-03
3.101441271163851276e-03
2.977598945880232783e-03
2.853807101743654605e-03
2.730084795038445044e-03
2.606452460113261715e-03
2.482931963504464001e-03
2.359546678876167213e-03
2.236321535592499920e-03
2.113283097127105058e-03
1.990459605472060921e-03
1.867881085915179323e-03
1.745579387979478763e-03
1.623588280486032214e-03
1.501943530657356756e-03
1.380682969343016491e-03
1.259846588858026589e-03
1.139476623474022570e-03
1.019617636849323499e-03
9.003166157039997923e-04
7.816230641888298773e-04
6.635890982542579390e-04
5.462695525093596042e-04
4.297220759785779789e-04
3.140072556140349204e-04
1.991886863783598200e-04
8.533313083924908037e-05
-2.748938784935539220e-05
-1.392054652105123309e-04
-2.497381905441908314e-04
-3.590070248027376633e-04
-4.669276652824460596e-04
-5.734119130906821819e-04
-6.783675350618966230e-04
-7.816981291430823457e-04
-8.833029876975649923e-04
-9.830769261143232959e-04
-1.080910145417890217e-03
-1.176688090714916651e-03
-1.270291261068478899e-03
-1.361595075577426211e-03
-1.450469690883471113e-03
-1.536779830474399372e-03
-1.620384625783399596e-03
-1.701137425369480876e-03
-1.778885599240664700e-03
