-1.121159439905232147e-01
-1.068237966456928034e-01
-1.014197661614903156e-01
-9.590951251176732528e-02
-9.029880692443867374e-02
-8.459352583691653882e-02
-7.879964474135844887e-02
-7.292323192616567695e-02
-6.697044212029043542e-02
-6.094751004700939973e-02
-5.486074389391554229e-02
-4.871651870596346162e-02
-4.252126970849274407e-02
-3.628148556721923212e-02
-3.000370159225891620e-02
-2.369449289329160491e-02
-1.736046749304699655e-02
-1.100825940631138672e-02
-4.644521691720901457e-03
1.724080516400661178e-03
8.090876988845786821e-03
1.444919938766494466e-02
2.079238825032723309e-02
2.711379996458724434e-02
3.340681372674628863e-02
3.966483847602994550e-02
4.588131979781258363e-02
5.204974678845591951e-02
5.816365887458246203e-02
6.421665257963071749e-02
7.020238823061096534e-02
7.611459659803351818e-02
8.194708546205992095e-02
8.769374609799654441e-02
9.334855967433730584e-02
9.890560355665586889e-02
1.043590575107479490e-01
1.097032097985171650e-01
1.149324631602331448e-01
1.200413406768855579e-01
1.250244915064965823e-01
1.298766964883896480e-01
1.345928736095364786e-01
1.391680833272637696e-01
1.435975337427380372e-01
1.478765856198173134e-01
1.520007572440094656e-01
1.559657291164470161e-01
1.597673484779646991e-01
1.634016336585389084e-01
1.668647782475372321e-01
1.701531550804056825e-01
1.732633200376217375e-01
1.761920156519327929e-01
1.789361745201021314e-01
1.814929225155887671e-01
1.838595817987981329e-01
1.860336736217475251e-01
1.880129209242120958e-01
1.897952507186294324e-01
1.913787962612677196e-01
1.927618990073811933e-01
1.939431103483062468e-01
1.949211931286782273e-01
1.956951229421808047e-01
1.962640892044692498e-01
1.966274960021457963e-01
1.967849627168963000e-01
1.967363244241351616e-01
1.964816320657410686e-01
1.960211523967023417e-01
1.953553677057280891e-01
1.944849753101177969e-01
1.934108868254171276e-01
1.921342272106279780e-01
1.906563335899690015e-01
1.889787538524229926e-01
1.871032450305376293e-01
1.850317714601774077e-01
1.827665027231530348e-01
1.803098113748857201e-01
1.776642704594830480e-01
1.748326508148314862e-01
1.718179181705282166e-01
1.686232300416884988e-01
1.652519324218870433e-01
1.617075562786920440e-01
1.579938138554651539e-01
1.541145947833019447e-01
1.500739620071802061e-01
1.458761475305880850e-01
1.415255479830868357e-01
1.370267200154493270e-01
1.323843755271988942e-01
1.276033767315474243e-01
1.226887310628995975e-01
1.176455859322597386e-01
1.124792233360297489e-01
1.071950543238492648e-01
1.017986133312713537e-01
9.629555238320659794e-02
9.069163517421048593e-02
8.499273103180875200e-02
7.920480876919075430e-02
7.333393043370585451e-02
6.738624495770430267e-02
6.136798171838507565e-02
5.528544401338288811e-02
4.914500245893800578e-02
4.295308831755821621e-02
3.671618676216042987e-02
3.044083008374963428e-02
2.413359084974843471e-02
1.780107502014419141e-02
1.144991502865892741e-02
5.086762836192283699e-03
-1.281717036185313352e-03
-7.648854487395627400e-03
-1.400798082236073827e-02
-2.035243573653838789e-02
-2.667557429166921706e-02
-3.297077387542837051e-02
-3.923144113769563152e-02
-4.545101889617819690e-02
-5.162299300414969344e-02
-5.774089917311760883e-02
-6.379832974327206974e-02
-6.978894039462099630e-02
-7.570645679178672482e-02
-8.154468115550463081e-02
-8.729749875393925940e-02
-9.295888430701798599e-02
-9.852290829707924247e-02
-1.039837431792214884e-01
-1.093356694848489630e-01
-1.145730818120230532e-01
-1.196904946963468080e-01
-1.246825483562259695e-01
-1.295440143065018368e-01
-1.342698008345646898e-01
-1.388549583332164827e-01
-1.432946844847002299e-01
-1.475843292904630288e-01
-1.517193999413871119e-01
-1.556955655233828728e-01
-1.595086615534236363e-01
-1.631546943412645889e-01
-1.666298451722808549e-01
-1.699304743070415569e-01
-1.730531247934345429e-01
-1.759945260873430339e-01
-1.787515974780899963e-01
-1.813214513150551155e-01
-1.837013960320887374e-01
-1.858889389665554781e-01
-1.878817889700528931e-01
-1.896778588080726968e-01
-1.912752673460891284e-01
-1.926723415197879874e-01
-1.938676180873691868e-01
-1.948598451620902894e-01
-1.956479835234445075e-01
-1.962312077056002357e-01
-1.966089068619623348e-01
-1.967806854049494458e-01
-1.967463634203170664e-01
-1.965059768555929565e-01
-1.960597774824269224e-01
-1.954082326328949182e-01
-1.945520247100335776e-01
-1.934920504731174051e-01
-1.922294200984271118e-01
-1.907654560164943891e-01
-1.891016915270386511e-01
-1.872398691930476922e-01
-1.851819390156846379e-01
-1.829300563919306066e-01
-1.804865798571064495e-01
-1.778540686146316274e-01
-1.750352798556144007e-01
-1.720331658710749501e-01
-1.688508709598297575e-01
-1.654917281352732417e-01
-1.619592556345080814e-01
-1.582571532334790532e-01
-1.543892983719690748e-01
-1.503597420925185946e-01
-1.461727047975189264e-01
-1.418325718289259463e-01
-1.373438888752189224e-01
-1.327113572104242079e-01
-1.279398287701788706e-01
-1.230343010700024331e-01
-1.179999119710886391e-01
-1.128419342991075075e-01
-1.075657703216523903e-01
-1.021769460901106041e-01
-9.668110565189039218e-02
-9.108400513906100837e-02
-8.539150673960403670e-02
-7.960957255757991624e-02
-7.374425836865171335e-02
-6.780170727749626480e-02
-6.178814328375564074e-02
-5.570986476325506809e-02
-4.957323787132920934e-02
-4.338468987515487624e-02
-3.715070242207678397e-02
-3.087780475098233363e-02
-2.457256685382391143e-02
-1.824159259446612308e-02
-1.189151279204839207e-02
-5.528978276122739621e-03
8.393470791708337875e-04
7.206793334589914335e-03
1.356669147162693073e-02
1.991238037738450595e-02
2.623721382116663697e-02
3.253456741548772096e-02
3.879784555419971137e-02
4.502048832047758631e-02
5.119597835742412811e-02
5.731784769409838109e-02
6.337968451982073370e-02
6.937513989965521377e-02
7.529793442404270065e-02
8.114186478561102867e-02
8.690081027628182575e-02
9.256873919786384741e-02
9.813971517942232659e-02
1.036079033948072298e-01
1.089675766738238960e-01
1.142131215006517153e-01
1.193390438932254161e-01
1.243399751574203183e-01
1.292106775100153593e-01
1.339460495645471427e-01
1.385411316743067056e-01
1.429911111268805657e-01
1.472913271848025896e-01
1.514372759670308266e-01
1.554246151661393127e-01
1.592491685962846848e-01
1.629069305671810297e-01
1.663940700795079886e-01
1.697069348373511366e-01
1.728420550734760253e-01
1.757961471834301459e-01
1.785661171646631962e-01
1.811490638570665834e-01
1.835422819815371587e-01
1.857432649733823660e-01
1.877497076076006244e-01
1.895595084132842834e-01
1.911707718746198381e-01
1.925818104161788613e-01
1.937911461704190930e-01
1.947975125255462236e-01
1.955998554521145016e-01
1.961973346069766366e-01
1.965893242134269525e-01
1.967754137166157768e-01
1.967554082135489213e-01
1.965293286572214193e-01
1.960974118346723860e-01
1.954601101189832046e-01
1.946180909954793037e-01
1.935722363626320996e-01
1.923236416083917433e-01
1.908736144629204767e-01
1.892236736289259480e-01
1.873755471910303894e-01
1.853311708058414387e-01
1.830926856746196707e-01
1.806624363006668621e-01
1.780429680337826948e-01
1.752370244043638947e-01
1.722475442499358522e-01
1.690776586371262880e-01
1.657306875823077175e-01
1.622101365743389423e-01
1.585196929030510959e-01
1.546632217973220313e-01
1.506447623767833699e-01
1.464685234214037346e-01
1.421388789633716843e-01
1.376603637059043150e-01
1.330376682737738903e-01
1.282756343005259092e-01
1.233792493575388005e-01
1.183536417302339105e-01
1.132040750469066187e-01
1.079359427658029003e-01
1.025547625262204776e-01
9.706617036954294508e-02
9.147591483626896225e-02
8.578985094521117405e-02
8.001393406117419949e-02
7.415421365753338545e-02
6.821682698025105518e-02
6.220799261996007301e-02
5.613400399884921343e-02
5.000122277917708885e-02
4.381607220031117494e-02
3.758503035127241237e-02
3.131462338583530791e-02
2.501141868728375822e-02
1.868201798998700425e-02
1.233305046499655333e-02
5.971165776907406963e-03
-3.969728807444450336e-04
-6.764695764257221133e-03
-1.312533356539330454e-02
-1.947222439655903886e-02
-2.579872076820862586e-02
-3.209819655116893933e-02
-3.836405391659421238e-02
-4.458973024627603532e-02
-5.076870500607920389e-02
-5.689450657529911137e-02
-6.296071902478495019e-02
-6.896098883674237068e-02
-7.488903155916051824e-02
-8.073863838790537595e-02
-8.650368266958571861e-02
-9.217812631837074555e-02
-9.775602614005111934e-02
-1.032315400567125341e-01
-1.085989332255026252e-01
-1.138525840450850812e-01
-1.189869900434887828e-01
-1.239967736411861920e-01
-1.288766877833623647e-01
-1.336216214354798981e-01
-1.382266049363796157e-01
-1.426868152033114734e-01
-1.469975807834485171e-01
-1.511543867465836855e-01
-1.551528794138971601e-01
-1.589888709178314263e-01
-1.626583435883023343e-01
-1.661574541606523348e-01
-1.694825378009382211e-01
-1.726301119443387766e-01
-1.755968799426565752e-01
-1.783797345171035942e-01
-1.809757610127431526e-01
-1.833822404511890602e-01
-1.855966523783582622e-01
-1.876166775042981405e-01
-1.894402001323212126e-01
-1.910653103749048454e-01
-1.924903061540337856e-01
-1.937136949838915989e-01
-1.947341955340326503e-01
-1.955507389713984634e-01
-1.961624700797725274e-01
-1.965687481555007110e-01
-1.967691476785397298e-01
-1.967634587581305605e-01
-1.965516873526297337e-01
-1.961340552632689915e-01
-1.955109999018492251e-01
-1.946831738326119943e-01
-1.936514440887687760e-01
-1.924168912644040053e-01
-1.909808083827022329e-01
-1.893446995416851464e-01
-1.875102783388770122e-01
-1.854794660765492209e-01
-1.832543897494209872e-01
-1.808373798169280178e-01
-1.782309677623877264e-01
-1.754378834416220057e-01
-1.724610522238099741e-01
-1.693035919275698853e-01
-1.659688095554750220e-01
-1.624601978304262007e-01
-1.587814315375086216e-01
-1.549363636751625029e-01
-1.509290214197012425e-01
-1.467636019074009257e-01
-1.424444678385823615e-01
-1.379761429082847490e-01
-1.333633070683222233e-01
-1.286107916256828965e-01
-1.237235741824022073e-01
-1.187067734222148341e-01
-1.135656437494412807e-01
-1.083055697857276678e-01
-1.029320607303990387e-01
-9.745074459033623016e-02
-9.186736228541762805e-02
-8.618776163570041060e-02
-8.041789123663760364e-02
-7.456379422875018814e-02
-6.863160196827078341e-02
-6.262752760539946895e-02
-5.655785957688758137e-02
-5.042895501977152917e-02
-4.424723311315017366e-02
-3.801916835498558161e-02
-3.175128378096053750e-02
-2.545014413250432095e-02
-1.912234898113207571e-02
-1.277452581630728057e-02
-6.413323104067190916e-03
-4.540332367193589125e-05
6.322564010419542968e-03
1.268390933394265840e-02
1.903197001827151846e-02
2.536009734860084769e-02
3.166166348755536375e-02
3.793006841692862785e-02
4.415874685029328589e-02
5.034117510922548472e-02
5.647087795595823884e-02
6.254143537529327501e-02
6.854648929868062401e-02
7.447975026341532856e-02
8.033500399997825503e-02
8.610611794062239532e-02
9.178704764239031810e-02
9.737184311782963453e-02
1.028546550667832488e-01
1.082297410027206058e-01
1.134914712671956927e-01
1.186343349261383129e-01
1.236529455417917089e-01
1.285420468142622619e-01
1.332965180867650978e-01
1.379113797088035720e-01
1.423817982516639991e-01
1.467030915707620287e-01
1.508707337095427647e-01
1.548803596397923810e-01
1.587277698334010334e-01
1.624089346607877349e-01
1.659199986113794045e-01
1.692572843317243225e-01
1.724172964770107064e-01
1.753967253719569130e-01
1.781924504772373075e-01
1.808015436578166435e-01
1.832212722497643109e-01
1.854491019223436787e-01
1.874826993323709667e-01
1.893199345680701418e-01
1.909588833798598895e-01
1.923978291957396114e-01
1.936352649191603326e-01
1.946698945075001630e-01
1.955006343294888316e-01
1.961266143001621498e-01
1.965471787921551916e-01
1.967618873223813680e-01
1.967705150133773617e-01
1.965730528288310852e-01
1.961697075830462489e-01
1.955609017243327974e-01
1.947472728925506713e-01
1.937296732512706066e-01
1.925091685952506071e-01
1.910870372341633983e-01
1.894647686537440368e-01
1.876440619557600276e-01
1.856268240784373635e-01
1.834151677992060803e-01
1.810114095218591512e-01
1.784180668504401768e-01
1.756378559524007232e-01
1.726736887137925169e-01
1.695286696894683365e-01
1.662060928514911551e-01
1.627094381391547551e-01
1.590423678142281472e-01
1.552087226252447938e-01
1.512125177848483715e-01
1.470579387644150859e-01
1.427493369103504939e-01
1.382912248866574878e-01
1.336882719485442683e-01
1.289452990520262854e-01
1.240672738046441625e-01
1.190593052625794623e-01
1.139266385796269820e-01
1.086746495136221569e-01
1.033088387960793414e-01
9.783482637093585121e-02
9.225834550843914350e-02
8.658523680034162229e-02
8.082144204268632004e-02
7.497299801260091934e-02
6.904603014560618812e-02
6.304674612007260537e-02
5.698142935553658639e-02
5.085643243168784522e-02
4.467817043492076923e-02
3.845311423942079920e-02
3.218778372981751651e-02
2.588874097251073203e-02
1.956258334281316819e-02
1.321593661511143852e-02
6.855448023286928039e-03
4.877792986572593303e-04
-5.880400307264541104e-03
-1.224242100788825588e-02
-1.859161946722327069e-02
-2.492134577880382451e-02
-3.122497043054218296e-02
-3.749589124822563097e-02
-4.372754031038098704e-02
-4.991339082726330145e-02
-5.604696397676269676e-02
-6.212183569007535128e-02
-6.813164338002539178e-02
-7.407009260499558545e-02
-7.993096366148197407e-02
-8.570811809837340645e-02
-9.139550514612823640e-02
-9.698716805411813913e-02
-1.024772503295011683e-01
-1.078600018710852981e-01
-1.131297849917651810e-01
-1.182810803232181573e-01
-1.233084925966769219e-01
-1.282067562937304062e-01
-1.329707411612222889e-01
-1.375954575844823558e-01
-1.420760618132555497e-01
-1.464078610348635012e-01
-1.505863182892711039e-01
-1.546070572209287119e-01
-1.584658666623959267e-01
-1.621587050449576628e-01
-1.656817046316078346e-01
-1.690311755679677619e-01
-1.722036097468993554e-01
-1.751956844827594895e-01
-1.780042659914552461e-01
-1.806264126726483676e-01
-1.830593781906738327e-01
-1.853006143509466352e-01
-1.873477737688433176e-01
-1.891987123282617145e-01
-1.908514914272861351e-01
-1.923043800086047805e-01
-1.935558563725518488e-01
-1.946046097708777900e-01
-1.954495417795769352e-01
-1.960897674493339848e-01
-1.965246162323863455e-01
-1.967536326848298434e-01
-1.967765769436332635e-01
-1.965934249778616971e-01
-1.962043686138455756e-01
-1.956098153342690771e-01
-1.948103878513887111e-01
-1.938069234548279451e-01
-1.926004731346328269e-01
-1.911923004805045900e-01
-1.895838803583653198e-01
-1.877768973656394336e-01
-1.857732440668715124e-01
-1.835750190115259251e-01
-1.811845245360483025e-01
-1.786042643524853868e-01
-1.758369409261941185e-01
-1.728854526453832141e-01
-1.697528907854523594e-01
-1.664425362713091994e-01
-1.629578562410555209e-01
-1.593025004146386148e-01
-1.554802972712761022e-01
-1.514952500396532231e-01
-1.473515325050951397e-01
-1.430534846381045777e-01
-1.386056080488430320e-01
-1.340125612723196136e-01
-1.292791548892164022e-01
-1.244103464874751486e-01
-1.194112354699072842e-01
-1.142870577132771015e-01
-1.090431800844452598e-01
-1.036850948193173971e-01
-9.821841377048984301e-02
-9.264886252960835566e-02
-8.698227443060604913e-02
-8.122458444008960610e-02
-7.538182294128825678e-02
-6.946010941805830230e-02
-6.346564604557333733e-02
-5.740471119440246350e-02
-5.128365285478764940e-02
-4.510888198800116350e-02
-3.888686581175315043e-02
-3.262412102667412023e-02
-2.632720699097517575e-02
-2.000271885042783498e-02
-1.365728063085994842e-02
-7.297538300408447365e-03
-9.301528087852714566e-04
5.438206889144675538e-03
1.180087081816862116e-02
1.815117496860481350e-02
2.448246827592773234e-02
3.078811958683903838e-02
3.706152460448107477e-02
4.329611280552529695e-02
4.948535432188448657e-02
5.562276677984704515e-02
6.170192208946548990e-02
6.771645317708938072e-02
7.366006065399627323e-02
7.952651941412705594e-02
8.530968515402422014e-02
9.100350080813897347e-02
9.660200289276793528e-02
1.020993277519779280e-01
1.074897176989737108e-01
1.127675270464773699e-01
1.179272280198038758e-01
1.229634165464408013e-01
1.278708179160660263e-01
1.326442923050763223e-01
1.372788401598412367e-01
1.417696074330430100e-01
1.461118906676195095e-01
1.503011419229844658e-01
1.543329735383658918e-01
1.582031627282731168e-01
1.619076560052798153e-01
1.654425734254911240e-01
1.688042126522480701e-01
1.719890528338119673e-01
1.749937582909699696e-01
1.778151820106968761e-01
1.804503689422157220e-01
1.828965590920050011e-01
1.851511904145085319e-01
1.872119014955245520e-01
1.890765340254597360e-01
1.907431350598601527e-01
1.922099590648497225e-01
1.934754697453355266e-01
1.945383416540645838e-01
1.953974615798455550e-01
1.960519297134842853e-01
1.965010605902087204e-01
1.967443838075986495e-01
1.967816445182670737e-01
1.966128036967775550e-01
1.962380381805180485e-01
1.956577404844879742e-01
1.948725183901934277e-01
1.938831943090798537e-01
1.926908044211702309e-01
1.912965975898095472e-01
1.897020340536537120e-01
1.879087838972713920e-01
1.859187253019621289e-01
1.837339425786203573e-01
1.813567239847095613e-01
1.787895593276288553e-01
1.760351373569835898e-01
1.730963429484935756e-01
1.699762540824847346e-01
1.666781386201305337e-01
1.632054508808196969e-01
1.595618280242350195e-01
1.557510862409323404e-01
1.517772167554088392e-01
1.476443816458474778e-01
1.433569094849178049e-01
1.389192908061937237e-01
1.343361734009416997e-01
1.296123574502034137e-01
1.247527904972697554e-01
1.197625622658135824e-01
1.146468993291106797e-01
1.094111596359262362e-01
1.040608268988050811e-01
9.860150485064331227e-02
9.303891137555329871e-02
8.737887252016976469e-02
8.162731639167492004e-02
7.579026694892657123e-02
6.987383769319240046e-02
6.388422526510707800e-02
5.782770295454688070e-02
5.171061413022839254e-02
4.553936559590666955e-02
3.932042088013610465e-02
3.306029346661788076e-02
2.676553997222816395e-02
2.044275327987062768e-02
1.409855563334200257e-02
7.739591701449652361e-03
1.372521618640994145e-03
-4.995985990565061929e-03
-1.135926099603973283e-02
-1.771063874808284644e-02
-2.404346705772112541e-02
-3.035111316395180947e-02
-3.662697068064664496e-02
-4.286446651582433154e-02
-4.905706775605242487e-02
-5.519828850877438881e-02
-6.128169669538004183e-02
-6.730092078792004884e-02
-7.324965648239800675e-02
-7.912167330165806312e-02
-8.491082112094434919e-02
-9.061103660930845682e-02
-9.621634958010584493e-02
-1.017208892439436935e-01
-1.071188903575166773e-01
-1.124046992619035651e-01
-1.175727798039920280e-01
-1.226177191348308826e-01
-1.275342333788417604e-01
-1.323171731679468333e-01
-1.369615290348191183e-01
-1.414624366596062277e-01
-1.458151819646322511e-01
-1.500152060517397912e-01
-1.540581099771067275e-01
-1.579396593585306041e-01
-1.616557888103569984e-01
-1.652026062014086694e-01
-1.685763967314546918e-01
-1.717736268219481333e-01
-1.747909478169613895e-01
-1.776251994904404774e-01
-1.802734133561022800e-01
-1.827328157765145955e-01
-1.850008308680972380e-01
-1.870750831990031227e-01
-1.889534002770540677e-01
-1.906338148251261466e-01
-1.921145668416000818e-01
-1.933941054437190166e-01
-1.944710904919238481e-01
-1.953443939934634832e-01
-1.960131012838113862e-01
-1.964765119846500485e-01
-1.967341407374202655e-01
-1.967857177116670575e-01
-1.966311888876497160e-01
-1.962707161129199629e-01
-1.957046769328091851e-01
-1.949336641950016324e-01
-1.939584854286090232e-01
-1.927801619983949832e-01
-1.913999280350375809e-01
-1.898192291425477296e-01
-1.880397208841989853e-01
-1.860632670485551365e-01
-1.838919376974082753e-01
-1.815280069976765442e-01
-1.789739508395293277e-01
-1.762324442432343374e-01
-1.733063585574448340e-01
-1.701987584518585006e-01
-1.669128987074010029e-01
-1.634522208072931582e-01
-1.598203493325739133e-01
-1.560210881658531945e-01
-1.520584165072714211e-01
-1.479364847068384559e-01
-1.436596099175166397e-01
-1.392322715735999639e-01
-1.346591066991283392e-01
-1.299449050512438975e-01
-1.250946041035858047e-01
-1.201132838749702225e-01
-1.150061616087723337e-01
-1.097785863085872227e-01
-1.044360331358892835e-01
-9.898409767555763072e-02
-9.342849007527506688e-02
-8.777502906494055734e-02
-8.202963586235491322e-02
-7.619832797156178561e-02
-7.028721288035011394e-02
-6.430248166350208128e-02
-5.825040249850168411e-02
-5.213731410048504794e-02
-4.596961908331399782e-02
-3.975377725372580134e-02
-3.349629884557853848e-02
-2.720373770128195479e-02
-2.088268440755478017e-02
-1.453975939269980949e-02
-8.181605992620133438e-03
-1.814883492842409018e-03
4.553739846160052840e-03
1.091759377304813566e-02
1.727001303178030134e-02
2.360434434254925218e-02
2.991395337016786865e-02
3.619223167261858415e-02
4.243260362248122558e-02
4.862853329399251245e-02
5.477353130852423424e-02
6.086116163130789181e-02
6.688504831229083458e-02
7.283888216406184113e-02
7.871642736984908739e-02
8.451152801467864961e-02
9.021811453284023230e-02
9.583021006491845850e-02
1.013419367177255392e-01
1.067475217205807181e-01
1.120413034714886069e-01
1.172177374668837563e-01
1.222714021087284442e-01
1.271970043828897778e-01
1.319893854028362790e-01
1.366435258128581853e-01
1.411545510451488461e-01
1.455177364252380201e-01
1.497285121204363634e-01
1.537824679261000915e-01
1.576753578847122361e-01
1.614031047329333446e-01
1.649618041719719819e-01
1.683477289567960888e-01
1.715573327999071196e-01
1.745872540855849531e-01
1.774343193907145788e-01
1.800955468085076727e-01
1.825681490716379862e-01
1.848495364715173339e-01
1.869373195706564850e-01
1.888293117052709247e-01
1.905235312755079180e-01
1.920182038208984865e-01
1.933117638788586501e-01
1.944028566242952394e-01
1.952903392885974032e-01
1.959732823565284165e-01
1.964509705397644301e-01
1.967229035260597558e-01
1.967887965032550091e-01
1.966485804575781038e-01
1.963024022459267659e-01
1.957506244420564034e-01
1.949938249568338167e-01
1.940327964329562893e-01
1.928685454147672784e-01
1.915022912940410604e-01
1.899354650328386462e-01
1.881697076647728950e-01
1.862068685762534037e-01
1.840490035695092064e-01
1.816983727094220180e-01
1.791574379564199182e-01
1.764288605879153482e-01
1.735154984109847365e-01
1.704204027692121926e-01
1.671468153468282092e-01
1.636981647734950807e-01
1.600780630332918342e-01
1.562903016816608870e-01
1.523388478742782881e-01
1.482278402120083827e-01
1.439615844062895889e-01
1.395445487695021747e-01
1.349813595350243256e-01
1.302767960118982327e-01
1.254357855791608800e-01
1.204633985250995465e-01
1.153648427368271223e-01
1.101454582457380982e-01
1.048107116345675660e-01
9.936619031190255247e-02
9.381759666014355403e-02
8.817074206304928441e-02
8.243154081911605036e-02
7.660600394716973738e-02
7.070023289065460737e-02
6.472041312721721340e-02
5.867280769027236748e-02
5.256375060934664195e-02
4.639964027605518460e-02
4.018693274267497867e-02
3.393213496032283782e-02
2.764179796382361387e-02
2.132251001041047395e-02
1.498088967943553285e-02
8.623578940324637399e-03
2.257236196036120635e-03
-4.111470690699309261e-03
-1.047587138103614479e-02
-1.682930004627634230e-02
-2.316510234939752472e-02
-2.947664241455174444e-02
-3.575730977722728354e-02
-4.200052630779372437e-02
-4.819975310118435052e-02
-5.434849732549075496e-02
-6.044031902230871667e-02
-6.646883785170215608e-02
-7.242773977472402591e-02
-7.831078366650132128e-02
-8.411180785294641860e-02
-8.982473656425973840e-02
-9.544358629845657582e-02
-1.009624720882578153e-01
-1.063756136647775463e-01
-1.116773415115552837e-01
-1.168621028025890463e-01
-1.219244672181528655e-01
-1.268591326323053048e-01
-1.316609306661296885e-01
-1.363248321008987685e-01
-1.408459521454827890e-01
-1.452195555524940229e-01
-1.494410615778007378e-01
-1.535060487782248240e-01
-1.574102596423898048e-01
-1.611496050498749666e-01
-1.647201685540037874e-01
-1.681182104837785074e-01
-1.713401718606683555e-01
-1.743826781261470782e-01
-1.772425426760757261e-01
-1.799167701982289924e-01
-1.824025598094708156e-01
-1.846973079892909042e-01
-1.867986113066330833e-01
-1.887042689371557780e-01
-1.904122849682909902e-01
-1.919208704896865625e-01
-1.932284454668425910e-01
-1.943336403959777803e-01
-1.952352977383960964e-01
-1.959324731328476732e-01
-1.964244363846167629e-01
-1.967106722302996435e-01
-1.967908808774715690e-01
-1.966649783186779077e-01
-1.963330964194203443e-01
-1.957955827800459125e-01
-1.950530003716838545e-01
-1.941061269466113071e-01
-1.929559542236652381e-01
-1.916036868495546996e-01
-1.900507411371598621e-01
-1.882987435821402433e-01
-1.863495291594056691e-01
-1.842051394012342580e-01
-1.818678202590499615e-01
-1.793400197510992555e-01
-1.766243853984906798e-01
-1.737237614522837981e-01
-1.706411859145285925e-01
-1.673798873563802636e-01
-1.639432815366171081e-01
-1.603349678241062781e-01
-1.565587254279627027e-01
-1.526185094393507080e-01
-1.485184466890757393e-01
-1.442628314252958344e-01
-1.398561208158961844e-01
-1.353029302802186418e-01
-1.306080286550513614e-01
-1.257763331999322554e-01
-1.208129044469987146e-01
-1.157229409007830279e-01
-1.105117735934954548e-01
-1.051848605015089366e-01
-9.974778082888317854e-02
-9.420622916391993562e-02
-8.856600951487239581e-02
-8.283302923104643445e-02
-7.701329281567440010e-02
-7.111289563702452576e-02
-6.513801754434983549e-02
-5.909491639535108254e-02
-5.298992150193446854e-02
-4.682942700113754131e-02
-4.061988515815292272e-02
-3.436779960847360926e-02
-2.807971854623756564e-02
-2.176222786589871588e-02
-1.542194426441476085e-02
-9.065508311172608413e-03
-2.699577492912969001e-03
3.669180759067851294e-03
1.003409605212883526e-02
1.638850201859422262e-02
2.272574329785503888e-02
2.903918250693471315e-02
3.532220719223121141e-02
4.156823675514551009e-02
4.777072934434873491e-02
5.392318870746370951e-02
6.001917099499216868e-02
6.605229150935446047e-02
7.201623139197702028e-02
7.790474424142039556e-02
8.371166265562154929e-02
8.943090469139269860e-02
9.505648023441608252e-02
1.005824972730587630e-01
1.060031680694389217e-01
1.113128152212808086e-01
1.165058776082068537e-01
1.215769162162417399e-01
1.265206198344274724e-01
1.313318106175810351e-01
1.360054495093696303e-01
1.405366415200264840e-01
1.449206408531723833e-01
1.491528558763828283e-01
1.532288539302867625e-01
1.571443659711623531e-01
1.608952910421715676e-01
1.644777005685425231e-01
1.678878424722094198e-01
1.711221451015936257e-01
1.741772209724154752e-01
1.770498703156141440e-01
1.797370844286634017e-01
1.822360488267708578e-01
1.845441461906611735e-01
1.866589591078553489e-01
1.885782726045760749e-01
1.903000764656261612e-01
1.918225673398102349e-01
1.931441506286960541e-01
1.942634421567351333e-01
1.951792696209952993e-01
1.958906738189857277e-01
1.963969096532887371e-01
1.966974469119460445e-01
1.967919708237826082e-01
1.966803823880856894e-01
1.963627984782945479e-01
1.958395517195915259e-01
1.951111901405233051e-01
1.941784765990170192e-01
1.930423879833917666e-01
1.917041141892036615e-01
1.901650568729949808e-01
1.884268279842530036e-01
1.864912480771154790e-01
1.843603444035930572e-01
1.820363487903026434e-01
1.795216953009389771e-01
1.768190176869282593e-01
1.739311466289398811e-01
1.708611067721393373e-01
1.676121135582909483e-01
1.641875698580280429e-01
1.605910624068174197e-01
1.568263580483497399e-01
1.528973997892927317e-01
1.488083026695372624e-01
1.445633494522625961e-01
1.401669861383356419e-01
1.356238173097386313e-01
1.309386013069093746e-01
1.261162452450359794e-01
1.211617998745353753e-01
1.160804542910892911e-01
1.108775305007853318e-01
1.055584778460539053e-01
1.001288672982346417e-01
9.459438562275501727e-02
8.896082942303276675e-02
8.323409906933407210e-02
7.742019251895296272e-02
7.152519903418259883e-02
6.555529280465391406e-02
5.951672648072878213e-02
5.341582462471336501e-02
4.725897708675406289e-02
4.105263231235414118e-02
3.480329058852191237e-02
2.851749723561600169e-02
2.220183575203215492e-02
1.586292091889686395e-02
9.507391872002474154e-03
3.141905148229713618e-03
-3.226872286251313005e-03
-9.592270018708888568e-03
-1.594762117617873343e-02
-2.228626940809549234e-02
-2.860157585789484952e-02
-3.488692611629783114e-02
-4.113573714898972195e-02
-4.734146419143638040e-02
-5.349760760361976786e-02
-5.959771967751006927e-02
-6.563541139014816839e-02
-7.160435909526162435e-02
-7.749831114641121677e-02
-8.331109444472371839e-02
-8.903662090435637833e-02
-9.466889382892754168e-02
-1.002020141922244090e-01
-1.056301868166149155e-01
-1.109477264426977916e-01
-1.161490636838215240e-01
-1.212287508592464480e-01
-1.261814676998367080e-01
-1.310020269203069909e-01
-1.356853796521838018e-01
-1.402266207317960645e-01
-1.446209938377575610e-01
-1.488638964725519653e-01
-1.529508847830144402e-01
-1.568776782146516779e-01
-1.606401639949292803e-01
-1.642344014408337882e-01
-1.676566260861902524e-01
-1.709032536244214084e-01
-1.739708836626112642e-01
-1.768563032829469084e-01
-1.795564904078041923e-01
-1.820686169649570751e-01
-1.843900518495905916e-01
-1.865183636800187006e-01
-1.884513233442214886e-01
-1.901869063345301702e-01
-1.917232948680190896e-01
-1.930588797903814713e-01
-1.941922622612963778e-01
-1.951222552195193971e-01
-1.958478846261658135e-01
-1.963683904848809170e-01
-1.966832276378313316e-01
-1.967920663366822254e-01
-1.966947925879631021e-01
-1.963915082724601580e-01
-1.958825310385102769e-01
-1.951683939693082404e-01
-1.942498450245762065e-01
-1.931278462571788812e-01
-1.918035728055069722e-01
-1.902784116626821398e-01
-1.885539602238732182e-01
-1.866320246132469329e-01
-1.845146177923018826e-01
-1.822039574515699756e-01
-1.797024636878939707e-01
-1.770127564697096256e-01
-1.741376528929918233e-01
-1.710801642307367421e-01
-1.678434927790701248e-01
-1.644310285032852814e-01
-1.608463454873237386e-01
-1.570931981904172825e-01
-1.531755175148115655e-01
-1.490974066886896210e-01
-1.448631369686086134e-01
-1.404771431659512793e-01
-1.359440190020731742e-01
-1.312685122970150553e-01
-1.264555199968209198e-01
-1.215100830446623204e-01
-1.164373811011502613e-01
-1.112427271193570238e-01
-1.059315617802317894e-01
-1.005094477942438946e-01
-9.498206407520995431e-02
-8.935519979242062538e-02
-8.363474830728502563e-02
-7.782670100085244125e-02
-7.193714099866868605e-02
-6.597223679954446196e-02
-5.993823581490649588e-02
-5.384145782550038561e-02
-4.768828836229210139e-02
-4.148517201851224107e-02
-3.523860569983397473e-02
-2.895513181976408501e-02
-2.264133144737074527e-02
-1.630381741452458649e-02
-9.949227389873839533e-03
-3.584216926802961944e-03
2.784547507335942418e-03
9.150395513425266247e-03
1.550665974690314253e-02
2.184668290088238873e-02
2.816382467875876150e-02
3.445146874900099909e-02
4.070302967484375201e-02
4.691195981162098183e-02
5.307175616451643985e-02
5.917596719955033752e-02
6.521819960066989330e-02
7.119212496586001249e-02
7.709148643527188871e-02
8.291010524441415341e-02
8.864188719555528284e-02
9.428082904055189173e-02
9.982102476841989147e-02
1.052566717910626282e-01
1.105820770206811937e-01
1.157916628324933972e-01
1.208799729065235251e-01
1.258416779423435494e-01
1.306715812407774624e-01
1.353646241467228173e-01
1.399158913473943500e-01
1.443206160204307253e-01
1.485741848264825193e-01
1.526721427410468179e-01
1.566101977204881479e-01
1.603842251973607302e-01
1.639902724003207690e-01
1.674245624941079202e-01
1.706834985352578271e-01
1.737636672394017034e-01
1.766618425562099526e-01
1.793749890482321530e-01
1.819002650700987100e-01
1.842350257447505635e-01
1.863768257335815803e-01
1.883234217975931768e-01
1.900727751468751781e-01
1.916230535759574083e-01
1.929726333827902485e-01
1.941201010693482942e-01
1.950642548220738182e-01
1.958041057706100818e-01
1.963388790235058856e-01
1.966680144798075569e-01
1.967911674156867796e-01
1.967082088454912836e-01
1.964192256568394468e-01
1.959245205196174233e-01
1.952246115689744155e-01
1.943202318626479908e-01
1.932123286131871287e-01
1.919020621958785200e-01
1.903908049334143149e-01
1.886801396585736368e-01
1.867718580564248221e-01
1.846679587877825823e-01
1.823706453958880425e-01
1.798823239985022082e-01
1.772056007678305956e-01
1.743432792009188825e-01
1.712983571833769092e-01
1.680740238495098682e-01
1.646736562421406425e-01
1.611008157756254056e-01
1.573592445057647449e-01
1.534528612105179324e-01
1.493857572856266969e-01
1.451621924594423685e-01
1.407865903314533818e-01
1.362635337391745749e-01
1.315977599582593138e-01
1.267941557408598374e-01
1.218577521974314737e-01
1.167937195273400786e-01
1.116073616037934618e-01
1.063041104187693875e-01
1.008895203937557050e-01
9.536926256226152532e-02
8.974911863019602309e-02
8.403497492033215610e-02
7.823281620719743645e-02
7.234871944885190587e-02
6.638884742211394185e-02
6.035944226790660588e-02
5.426681895347867934e-02
4.811735865835071319e-02
4.191750209091207185e-02
3.567374274267114120e-02
2.939262008722163394e-02
2.308071273105036930e-02
1.674463152335527172e-02
1.039101263209784437e-02
4.026510593536057614e-03
-2.342208657482580669e-03
-8.708474769164586959e-03
-1.506561995903970413e-02
-2.140698599754128212e-02
-2.772593118157817144e-02
-3.401583729080188273e-02
-4.027011651927450003e-02
-4.648221837528360156e-02
-5.264563654207646270e-02
-5.875391569232484706e-02
-6.480065824918720963e-02
-7.077953108688625483e-02
-7.668427216377896039e-02
-8.250869708098085287e-02
-8.824670555966640517e-02
-9.389228783026562497e-02
-9.943953092686821926e-02
-1.048826248802358085e-01
-1.102158688029387656e-01
-1.154336768602482605e-01
-1.205305841205260298e-01
-1.255012522789816509e-01
-1.303404752488078189e-01
-1.350431846138377412e-01
-1.396044549370070997e-01
-1.440195089190687838e-01
-1.482837224021527622e-01
-1.523926292129299254e-01
-1.563419258403119239e-01
-1.601274759427825101e-01
-1.637453146806429616e-01
-1.671916528686325509e-01
-1.704628809445760951e-01
-1.735555727498997447e-01
-1.764664891180586781e-01
-1.791925812671150697e-01
-1.817309939929159235e-01
-1.840790686595231429e-01
-1.862343459837676463e-01
-1.881945686110068350e-01
-1.899576834793925972e-01
-1.915218439701678876e-01
-1.928854118417454577e-01
-1.940469589455384447e-01
-1.950052687217485592e-01
-1.957593374735440150e-01
-1.963083754182929352e-01
-1.966518075147515310e-01
-1.967892740653400807e-01
-1.967206310928763247e-01
-1.964459504913716459e-01
-1.959655199507320811e-01
-1.952798426554430700e-01
-1.943896367575530526e-01
-1.932958346245088332e-01
-1.919995818626301087e-01
-1.905022361172444001e-01
-1.888053656507425460e-01
-1.869107477000407636e-01
-1.848203666151701230e-01
-1.825364117809457898e-01
-1.800612753238891584e-01
-1.773975496068055380e-01
-1.745480245136442066e-01
-1.715156845274808384e-01
-1.683037056046839119e-01
-1.649154518485415055e-01
-1.613544719858265586e-01
-1.576244956499996408e-01
-1.537294294749317614e-01
-1.496733530032471893e-01
-1.454605144135681927e-01
-1.410953260711335644e-01
-1.365823599064602267e-01
-1.319263426268748873e-01
-1.271321507659460281e-01
-1.222048055759886176e-01
-1.171494677689967068e-01
-1.119714321115130029e-01
-1.066761218790927557e-01
-1.012690831761753341e-01
-9.575597912730560157e-02
-9.014258394579674483e-02
-8.443477688603856501e-02
-7.863853608579535193e-02
-7.275993230493153774e-02
-6.680512256713230790e-02
-6.078034371127458146e-02
-5.469190585920009201e-02
-4.854618580673632222e-02
-4.234962034488625598e-02
-3.610869951818120038e-02
-2.982995982725705070e-02
-2.351997738277329664e-02
-1.718536101785132081e-02
-1.083274536623195922e-02
-4.468783913417345710e-03
1.899857971932733536e-03
8.266510019054595926e-03
1.462450404126399567e-02
2.096718091995977695e-02
2.728789757912818137e-02
3.358003394304462375e-02
3.983699986988883252e-02
4.605224205400312854e-02
5.221925088957565797e-02
5.833156728855034417e-02
6.438278944562690620e-02
7.036657954326633324e-02
7.627667038967618496e-02
8.210687198282988486e-02
8.785107799363228720e-02
9.350327216145742915e-02
9.905753459534763494e-02
1.045080479742796220e-01
1.098491036400032345e-01
1.150751075760705205e-01
1.201805862667947727e-01
1.251601924299981794e-01
1.300087106175509544e-01
1.347210626778325149e-01
1.392923130743902727e-01
1.437176740552315590e-01
1.479925106673317670e-01
1.521123456111055372e-01
1.560728639297573050e-01
1.598699175286029950e-01
1.634995295196235710e-01
1.669578983867054389e-01
1.702414019672023882e-01
1.733466012456487682e-01
1.762702439556530498e-01
1.790092679861965408e-01
1.815608045887700528e-01
1.839221813819918727e-01
1.860909251505558637e-01
1.880647644355837866e-01
1.898416319136629338e-01
1.914196665620819804e-01
1.927972156079936772e-01
1.939728362594667632e-01
1.949452972166098030e-01
1.957135799611879334e-01
1.962768798233795187e-01
1.966346068245565515e-01
1.967863862952054232e-01
1.967320592673414137e-01
1.964716826410058126e-01
1.960055291246707021e-01
1.953340869496148491e-01
1.944580593585689410e-01
1.933783638691660423e-01
1.920961313129692927e-01
1.906127046510815715e-01
1.889296375675807715e-01
1.870486928422501471e-01
1.849718405043097313e-01
1.827012557690855521e-01
1.802393167597707568e-01
1.775886020166711210e-01
1.747518877965419104e-01
1.717321451648423369e-01
1.685325368839564464e-01
1.651564141006370834e-01
1.616073128361426581e-01
1.578889502827462710e-01
1.540052209104895709e-01
1.499601923882652454e-01
1.457581013234975076e-01
1.414033488248813142e-01
1.369004958928308202e-01
1.322542586424625410e-01
1.274695033641184694e-01
1.225512414265985950e-01
1.175046240284470245e-01
1.123349368027859174e-01
1.070475942813453596e-01
1.016481342234884233e-01
9.614221181617962908e-02
9.053559375095561468e-02
8.483415218411664849e-02
7.904385858645279761e-02
7.317077748895776945e-02
6.722106013107037592e-02
6.120093801810500000e-02
5.511671639460858502e-02
4.897476764049394499e-02
4.278152459685075071e-02
3.654347382843654846e-02
3.026714882989941374e-02
2.395912318284287856e-02
1.762600367091228526e-02
1.127442336010340412e-02
4.911034651542724172e-03
-1.457497685980815860e-03
-7.824503496439878802e-03
-1.418331422263149899e-02
-2.052726989057104823e-02
-2.684972608488905843e-02
-3.314406090793985821e-02
-3.940368191532057224e-02
-4.562203302054500254e-02
-5.179260136163685996e-02
-5.790892412244931509e-02
-6.396459530157422302e-02
-6.995327242173640658e-02
-7.586868317266577677e-02
-8.170463198047070441e-02
-8.745500649664453285e-02
-9.311378399990635768e-02
-9.867503770416563569e-02
-1.041329429660106665e-01
-1.094817833852184952e-01
-1.147159567918883821e-01
-1.198299811139445503e-01
-1.248185001188426707e-01
-1.296762890234861576e-01
-1.343982599664615418e-01
-1.389794673368671407e-01
-1.434151129541599567e-01
-1.477005510935811006e-01
-1.518312933519129215e-01
-1.558030133484581137e-01
-1.596115512563257843e-01
-1.632529181592730083e-01
-1.667233002295431810e-01
-1.700190627223225337e-01
-1.731367537826321856e-01
-1.760731080606681709e-01
-1.788250501318037200e-01
-1.813896977176702174e-01
-1.837643647049462536e-01
-1.859465639586872499e-01
-1.879340099272565623e-01
-1.897246210361245022e-01
-1.913165218680285828e-01
-1.927080451272140116e-01
-1.938977333856955476e-01
-1.948843406097108821e-01
-1.956668334647688190e-01
-1.962443923979241001e-01
-1.966164124961457260e-01
-1.967825041198795477e-01
-1.967424933111417695e-01
-1.964964219757158737e-01
-1.960445478392620622e-01
-1.953873441773852637e-01
-1.945254993199447280e-01
-1.934599159301234050e-01
-1.921917100590135041e-01
-1.907222099767074130e-01
-1.890529547811184152e-01
-1.871856927859890385e-01
-1.851223796897737972e-01
-1.828651765273170138e-01
-1.804164474064670065e-01
-1.777787570319999955e-01
-1.749548680194481509e-01
-1.719477380016411205e-01
-1.687605165309954969e-01
-1.653965417807950755e-01
-1.618593370489155581e-01
-1.581526070676586848e-01
-1.542802341235574859e-01
-1.502462739912183154e-01
-1.460549516854592333e-01
-1.417106570361899576e-01
-1.372179400906756719e-01
-1.325815063479909850e-01
-1.278062118306591832e-01
-1.228970579986435052e-01
-1.178591865110085735e-01
-1.126978738407455605e-01
-1.074185257483968314e-01
-1.020266716202687940e-01
-9.652795867716619516e-02
-9.092814605971086261e-02
-8.523309879643684028e-02
-7.944878166098873207e-02
-7.358125292484217483e-02
-6.763665801210599904e-02
-6.162122306304241431e-02
-5.554124841304370480e-02
-4.940310199390458845e-02
-4.321321266429617447e-02
-3.697806347642551561e-02
-3.070418488593500833e-02
-2.439814791215574180e-02
-1.806655725587313216e-02
-1.171604438181782226e-02
-5.353260573124317412e-03
1.015130034968080019e-03
7.382457434873188062e-03
1.374205273256892679e-02
2.008725513233909632e-02
2.641141891303582651e-02
3.270792038855257350e-02
3.897016484521835522e-02
4.519159344884733642e-02
5.136569011420909908e-02
5.748598832972656725e-02
6.354607793025192353e-02
6.953961181082636556e-02
7.546031257439460294e-02
8.130197910650918680e-02
8.705849307013863170e-02
9.272382531378114967e-02
9.829204218616237332e-02
1.037573117509170695e-01
1.091139098947334352e-01
1.143562263225686715e-01
1.194787704336588291e-01
1.244761770721617145e-01
1.293432121464129225e-01
1.340747781109165038e-01
1.386659193053146610e-01
1.431118271447585077e-01
1.474078451562327585e-01
1.515494738555675791e-01
1.555323754600257957e-01
1.593523784315302172e-01
1.630054818457706833e-01
1.664878595826198016e-01
1.697958643334636641e-01
1.729260314212530680e-01
1.758750824292719950e-01
1.786399286348265558e-01
1.812176742442541955e-01
1.836056194258663954e-01
1.858012631376481649e-01
1.878023057467546608e-01
1.896066514380568557e-01
1.912124104092186028e-01
1.926179008500028544e-01
1.938216507037348602e-01
1.948223992090777901e-01
1.956190982205059103e-01
1.962109133060918331e-01
1.965972246214583163e-01
1.967776275589795398e-01
1.967519331715516240e-01
1.965201683704885516e-01
1.960825758973362698e-01
1.954396140696343931e-01
1.945919563008923492e-01
1.935404903952817612e-01
1.922863176177841416e-01
1.908307515407689781e-01
1.891753166682079157e-01
1.873217468389683227e-01
1.852719834108565167e-01
1.830281732273148776e-01
1.805926663688999789e-01
1.779680136918993238e-01
1.751569641566612934e-01
1.721624619484404539e-01
1.689876433937712030e-01
1.656358336755993921e-01
1.621105433506140892e-01
1.584154646724249549e-01
1.545544677244376219e-01
1.505315963664776713e-01
1.463510639994067553e-01
1.420172491521680125e-01
1.375346908958838266e-01
1.329080840898081983e-01
1.281422744641089184e-01
1.232422535446383860e-01
1.182131534249999671e-01
1.130602413913911475e-01
1.077889144058489374e-01
1.024046934536820136e-01
9.691321776099989793e-02
9.132023888840534731e-02
8.563161470703274658e-02
7.985330326323522576e-02
7.399135653835854642e-02
6.805191411012913305e-02
6.204119672229262833e-02
5.596549976925012382e-02
4.983118670250086257e-02
4.364468236580949095e-02
3.741246626607231535e-02
3.114106578692727584e-02
2.483704935222694199e-02
1.850701954652159142e-02
1.215760619976708617e-02
5.795459443495680485e-03
-5.727572542774117537e-04
-6.940374068113708272e-03
-1.330072180086901840e-02
-1.964713886875701226e-02
-2.597297827843219470e-02
-3.227161458879863887e-02
-3.853645085024216127e-02
-4.476092551401918140e-02
-5.093851930457367339e-02
-5.706276204757356613e-02
-6.312723944652473551e-02
-6.912559980085629385e-02
-7.505156065845067226e-02
-8.089891539563975886e-02
-8.666153971778525755e-02
-9.233339807362961338e-02
-9.790854997670031534e-02
-1.033811562271471501e-01
-1.087454850274950924e-01
-1.139959179859099253e-01
-1.191269560006846528e-01
-1.241332250197886289e-01
-1.290094816694415392e-01
-1.337506187458230023e-01
-1.383516705641607281e-01
-1.428078181595982266e-01
-1.471143943343944105e-01
-1.512668885461647683e-01
-1.552609516320521965e-01
-1.590924003638722606e-01
-1.627572218294657258e-01
-1.662515776356681130e-01
-1.695718079284965485e-01
-1.727144352263380589e-01
-1.756761680621324040e-01
-1.784539044307263400e-01
-1.810447350377958065e-01
-1.834459463469282903e-01
-1.856550234216771955e-01
-1.876696525596091014e-01
-1.894877237155871419e-01
-1.911073327117509824e-01
-1.925267832318794670e-01
-1.937445885980471905e-01
-1.947594733277139001e-01
-1.955703744696157542e-01
-1.961764427170595848e-01
-1.965770432974541793e-01
-1.967717566371467441e-01
-1.967603788008681076e-01
-1.965429217053267230e-01
-1.961196131067275139e-01
-1.954908963622289941e-01
-1.946574299655878526e-01
-1.936200868574778355e-01
-1.923799535112052372e-01
-1.909383287947788166e-01
-1.892967226105248535e-01
-1.874568543136739540e-01
-1.854206509115741419e-01
-1.831902450454172826e-01
-1.807679727565936756e-01
-1.781563710400104195e-01
-1.753581751869418004e-01
-1.723763159201898709e-01
-1.692139163245579836e-01
-1.658742885758514585e-01
-1.623609304718326707e-01
-1.586775217687617368e-01
-1.548279203273609239e-01
-1.508161580722395534e-01
-1.466464367690127335e-01
-1.423231236235304453e-01
-1.378507467078363136e-01
-1.332339902176387647e-01
-1.284776895662644303e-01
-1.235868263202302975e-01
-1.185665229817452204e-01
-1.134220376235953870e-01
-1.081587583820434878e-01
-1.027821978134982606e-01
-9.729798712087948942e-02
-9.171187025570730345e-02
-8.602969790211331680e-02
-8.025742134905397562e-02
-7.440108625716285173e-02
-6.846682632675668567e-02
-6.246085687363397282e-02
-5.638946831938978360e-02
-5.025901960307218447e-02
-4.407593152107487644e-02
-3.784668000223877921e-02
-3.157778932521421167e-02
-2.527582528518389215e-02
-1.894738831709902316e-02
-1.259910658263797140e-02
-6.237629028125676878e-03
1.303815793194523787e-04
6.498255630108841496e-03
1.285932365767839675e-02
1.920692332383223261e-02
2.553440639661841427e-02
3.183514571343092764e-02
3.810254212204683411e-02
4.433003139232317980e-02
5.051109109131986241e-02
5.663924741464675117e-02
6.270808196687585601e-02
6.871123848392179934e-02
7.464242949034929908e-02
8.049544288463422737e-02
8.626414844547895810e-02
9.194250425236927260e-02
9.752456301365206026e-02
1.030044782954998572e-01
1.083765106452382054e-01
1.136350336026319130e-01
1.187745395928195280e-01
1.237896456947390200e-01
1.286750992789886527e-01
1.334257835092318434e-01
1.380367227013746811e-01
1.425030875349059534e-01
1.468202001109414623e-01
1.509835388516745924e-01
1.549887432361058970e-01
1.588316183670827053e-01
1.625081393648742378e-01
1.660144555826761070e-01
1.693468946396296526e-01
1.725019662671316567e-01
1.754763659644088813e-01
1.782669784595246054e-01
1.808708809721945865e-01
1.832853462749948203e-01
1.855078455497549128e-01
1.875360510361450128e-01
1.893678384696825256e-01
1.910012893066052597e-01
1.924346927332800383e-01
1.936665474580432089e-01
1.946955632835963568e-01
1.955206624583087083e-01
1.961409808050132986e-01
1.965558686261125454e-01
1.967648913840467639e-01
1.967678301564120269e-01
1.965646818652510563e-01
1.961556592802771171e-01
1.955411907960269979e-01
1.947219199831770053e-01
1.936987049144919815e-01
1.924726172661129497e-01
1.910449411951240239e-01
1.894171719945766663e-01
1.875910145273762264e-01
1.855683814406749454e-01
1.833513911626378778e-01
1.809423656836833261e-01
1.783438281245195434e-01
1.755585000935240281e-01
1.725892988362364711e-01
1.694393341799475539e-01
1.661119052765855086e-01
1.626104971473104066e-01
1.589387770324379168e-01
1.551005905505121740e-01
1.510999576705535641e-01
1.469410685016958873e-01
1.426282789046282307e-01
1.381661059294348182e-01
1.335592230846090467e-01
1.288124554421994361e-01
1.239307745842174735e-01
1.189192933955902642e-01
1.137832607091245340e-01
1.085280558080778668e-01
1.031591827921063409e-01
9.768226481248182269e-02
9.210303818261815489e-02
8.642734637007762344e-02
8.066113387634847587e-02
7.481044001080190686e-02
6.888139256534982213e-02
6.288020139643378525e-02
5.681315192105837464e-02
5.068659853368819718e-02
4.450695795089800594e-02
3.828070249075037762e-02
3.201435329393959028e-02
2.571447349379932246e-02
1.938766134232817323e-02
1.304054329943384050e-02
6.679767092634958381e-03
3.119947544864831723e-04
-6.056104354977727422e-03
-1.241786053347675167e-02
-1.876661072207092690e-02
-2.509570548379479876e-02
-3.139851596802196998e-02
-3.766844085326733621e-02
-4.389891326115995251e-02
-5.008340763433625359e-02
-5.621544657105972953e-02
-6.228860760940178182e-02
-6.829652995388266201e-02
-7.423292113752262555e-02
-8.009156361233130128e-02
-8.586632126132784371e-02
-9.155114582527421052e-02
-9.714008323738997086e-02
-1.026272798594126540e-01
-1.080069886124721684e-01
-1.132735749963635630e-01
-1.184215229909028194e-01
-1.234454408331952802e-01
-1.283400666647624699e-01
-1.331002740426086295e-01
-1.377210773084603379e-01
-1.421976368105549726e-01
-1.465252639725033723e-01
-1.506994262039265398e-01
-1.547157516477164485e-01
-1.585700337589507347e-01
-1.622582357106655826e-01
-1.657764946218745761e-01
-1.691211256034004518e-01
-1.722886256172871944e-01
-1.752756771457473772e-01
-1.780791516658021267e-01
-1.806961129259764542e-01
-1.831238200216164513e-01
-1.853597302656066204e-01
-1.874015018514833542e-01
-1.892469963061529370e-01
-1.908942807296457322e-01
-1.923416298195616825e-01
-1.935875276780855136e-01
-1.946306693996801007e-01
-1.954699624377941591e-01
-1.961045277491534622e-01
-1.965337007144372372e-01
-1.967570318343747904e-01
-1.967742872005336652e-01
-1.965854487403064510e-01
-1.961907142358393641e-01
-1.955904971168827555e-01
-1.947854260277807059e-01
-1.937763441690530664e-01
-1.925643084142597272e-01
-1.911505882030717085e-01
-1.895366642117091993e-01
-1.877242268021374061e-01
-1.857151742516475468e-01
-1.835116107646731221e-01
-1.811158442689272674e-01
-1.785303839981684237e-01
-1.757579378641252466e-01
-1.728014096203335237e-01
-1.696638958208567527e-01
-1.663486825770736088e-01
-1.628592421159323345e-01
-1.591992291432730022e-01
-1.553724770160286595e-01
-1.513829937273155346e-01
-1.472349577086151107e-01
-1.429327134534440213e-01
-1.384807669670999331e-01
-1.338837810472446876e-01
-1.291465704002688064e-01
-1.242740965985526802e-01
-1.192714628839080804e-01
-1.141439088226357812e-01
-1.088968048178085707e-01
-1.035356464845153118e-01
-9.806604889396434988e-02
-9.249374069247601193e-02
-8.682455810151736009e-02
-8.106443880506741806e-02
-7.521941573071597165e-02
-6.929561073100704016e-02
-6.329922817164668203e-02
-5.723654843328533637e-02
-5.111392133369356550e-02
-4.493775947720258374e-02
-3.871453153839188310e-02
-3.245075548704515894e-02
-2.615299176148260657e-02
-1.982783639740796910e-02
-1.348191411947290835e-02
-7.121871402798567174e-03
-7.543695117106716252e-04
5.613922477013845447e-03
1.197633465907857464e-02
1.832620328847105878e-02
2.465687775681478511e-02
3.096172755895874873e-02
3.723414923751527938e-02
4.346757329906723172e-02
4.965547109480293597e-02
5.579136165837200040e-02
6.186881849379929216e-02
6.788147630635253671e-02
7.382303766930495281e-02
7.968727961961841189e-02
8.546806017563790547e-02
9.115932476996303768e-02
9.675511259077310133e-02
1.022495628249511512e-01
1.076369207964724128e-01
1.129115439936342613e-01
1.180679079788027330e-01
1.231006121744995796e-01
1.280043855197560143e-01
1.327740919908225181e-01
1.374047359804404789e-01
1.418914675300510242e-01
1.462295874094538539e-01
1.504145520386007961e-01
1.544419782463675450e-01
1.583076478613182902e-01
1.620075121296555565e-01
1.655376959557300076e-01
1.688945019606672149e-01
1.720744143548598171e-01
1.750741026202698170e-01
1.778904249986859865e-01
1.805204317822800553e-01
1.829613684030182985e-01
1.852106783176888094e-01
1.872660056855281752e-01
